20180430182453  6.7031  61.019  254.60  EE01  XX  183  -15.9408  168.3762  266.00  0.531  0.0055  0.0370  0.7953  0.00075  0.4062  Z
20180430182453  6.9715  57.235  256.21  CC12  XX  183  -15.9408  168.3762  266.00  0.120  0.0055  0.0296  0.9269  0.00041  0.4062  Z
20180430182453  6.9078  58.144  255.13  CC07  XX  183  -15.9408  168.3762  266.00  0.211  0.0055  0.0263  0.9438  0.00055  0.4062  Z
20180430182453  6.9457  57.617  255.70  CC10  XX  183  -15.9408  168.3762  266.00  -0.075  0.0055  0.0244  0.9450  0.00033  0.4062  Z
20180430182453  6.9314  57.821  254.38  WC02  XX  183  -15.9408  168.3762  266.00  -0.022  0.0055  0.0284  0.9500  0.00036  0.4062  Z
20180430182453  6.8452  59.035  254.17  CC02  XX  183  -15.9408  168.3762  266.00  0.031  0.0055  0.0257  0.9520  0.00043  0.4062  Z
20180430182453  6.8298  59.253  253.94  CC01  XX  183  -15.9408  168.3762  266.00  -0.270  0.0055  0.0322  0.9531  0.00048  0.4062  Z
20180430182453  6.7564  60.264  255.13  EE02  XX  183  -15.9408  168.3762  266.00  0.480  0.0055  0.0193  0.9588  0.00032  0.4062  Z
20180430182453  6.9703  57.257  254.80  WC03  XX  183  -15.9408  168.3762  266.00  -0.559  0.0055  0.0328  0.9619  0.00077  0.4062  Z
20180430182453  6.7732  60.018  254.41  EC01  XX  183  -15.9408  168.3762  266.00  0.372  0.0055  0.0172  0.9638  0.00018  0.4062  Z
20180430182453  6.9883  57.007  255.31  WC04  XX  183  -15.9408  168.3762  266.00  -0.330  0.0055  0.0261  0.9705  0.00027  0.4062  Z
20180430182453  7.0469  56.197  254.92  WW03  XX  183  -15.9408  168.3762  266.00  -0.282  0.0055  0.0213  0.9812  0.00032  0.4062  Z
20180430182453  6.8215  59.367  256.37  EE04  XX  183  -15.9408  168.3762  266.00  0.157  0.0055  0.0157  0.9831  0.00020  0.4062  Z
20180430182453  6.9578  57.446  255.95  CC11  XX  183  -15.9408  168.3762  266.00  0.174  0.0055  0.0169  0.9840  0.00020  0.4062  Z
20180430182453  7.0288  56.452  255.75  WC05  XX  183  -15.9408  168.3762  266.00  -0.094  0.0055  0.0203  0.9861  0.00027  0.4062  Z
20180430182453  6.8715  58.641  254.58  CC04  XX  183  -15.9408  168.3762  266.00  -0.266  0.0055  0.0225  0.9882  0.00032  0.4062  Z
20180430182453  6.8954  58.317  254.95  CC06  XX  183  -15.9408  168.3762  266.00  -0.170  0.0055  0.0187  0.9943  0.00033  0.4062  Z
20180430182453  6.8838  58.476  254.76  CC05  XX  183  -15.9408  168.3762  266.00  -0.008  0.0055  0.0209  0.9946  0.00030  0.4062  Z
20180501194753  7.6289  45.110  249.54  WC02  XX  980  -18.0199  -177.9375  585.00  -0.293  0.0522  0.5335  0.2973  0.00914  0.4062  Z
20180501194753  7.5444  46.334  249.37  CC02  XX  980  -18.0199  -177.9375  585.00  0.054  0.0522  0.1400  0.5997  0.00292  0.4062  Z
20180501194753  7.7307  43.588  251.55  WC05  XX  980  -18.0199  -177.9375  585.00  -0.385  0.0522  0.0906  0.7790  0.00292  0.4062  Z
20180501194753  7.6902  44.186  250.92  WC04  XX  980  -18.0199  -177.9375  585.00  -0.278  0.0522  0.0741  0.8266  0.00283  0.4062  Z
20180501194753  7.6523  44.740  251.64  CC10  XX  980  -18.0199  -177.9375  585.00  0.427  0.0522  0.1751  0.8510  0.01118  0.4062  Z
20180501194753  7.6629  44.576  248.14  WW01  XX  980  -18.0199  -177.9375  585.00  -0.132  0.0522  0.1674  0.8653  0.01021  0.4062  Z
20180501194753  7.5407  46.385  252.99  EE04  XX  980  -18.0199  -177.9375  585.00  0.256  0.0522  0.1514  0.8931  0.00656  0.4062  Z
20180501194753  7.7408  43.438  250.18  WW03  XX  980  -18.0199  -177.9375  585.00  0.240  0.0522  0.0809  0.9140  0.00623  0.4062  Z
20180501194753  7.6007  45.521  250.52  CC06  XX  980  -18.0199  -177.9375  585.00  0.132  0.0522  0.1296  0.9178  0.00842  0.4062  Z
20180501194753  7.6653  44.542  252.03  CC11  XX  980  -18.0199  -177.9375  585.00  0.154  0.0522  0.1774  0.9259  0.00876  0.4062  Z
20180501194753  7.5754  45.889  249.97  CC04  XX  980  -18.0199  -177.9375  585.00  -0.234  0.0522  0.2870  0.9363  0.02290  0.4062  Z
20180501194753  7.6262  45.150  251.08  CC08  XX  980  -18.0199  -177.9375  585.00  0.205  0.0522  0.1015  0.9462  0.00728  0.4062  Z
20180501194753  7.6685  44.497  250.13  WC03  XX  980  -18.0199  -177.9375  585.00  -0.220  0.0522  0.2836  0.9712  0.02103  0.4062  Z
20180501194753  7.6142  45.327  250.80  CC07  XX  980  -18.0199  -177.9375  585.00  0.074  0.0522  0.0772  0.9828  0.00628  0.4062  Z
20180517214315  7.3708  51.526  233.82  EC03  XX  758  -31.9823  -179.9533  284.39  0.137  0.0330  0.3019  0.5847  0.02140  0.4062  Z
20180517214315  7.4147  50.885  232.29  WC02  XX  758  -31.9823  -179.9533  284.39  -0.495  0.0330  0.2937  0.7469  0.02007  0.4062  Z
20180517214315  7.5572  48.864  233.50  WC05  XX  758  -31.9823  -179.9533  284.39  -0.156  0.0330  0.1045  0.8321  0.00527  0.4062  Z
20180517214315  7.5060  49.608  233.15  WC04  XX  758  -31.9823  -179.9533  284.39  0.006  0.0330  0.0421  0.8759  0.00406  0.4062  Z
20180517214315  7.3926  51.216  232.97  CC05  XX  758  -31.9823  -179.9533  284.39  -0.047  0.0330  0.0425  0.8931  0.00144  0.4062  Z
20180517214315  7.3044  52.419  232.22  CC01  XX  758  -31.9823  -179.9533  284.39  0.231  0.0330  0.0912  0.9157  0.00556  0.4062  Z
20180517214315  7.5366  49.144  232.40  WW03  XX  758  -31.9823  -179.9533  284.39  0.060  0.0330  0.0788  0.9269  0.00402  0.4062  Z
20180517214315  7.3300  52.079  232.43  CC02  XX  758  -31.9823  -179.9533  284.39  0.430  0.0330  0.0664  0.9299  0.00450  0.4062  Z
20180517214315  7.4276  50.695  233.32  CC07  XX  758  -31.9823  -179.9533  284.39  -0.204  0.0330  0.0510  0.9554  0.00391  0.4062  Z
20180517214315  7.4686  50.136  232.61  WC03  XX  758  -31.9823  -179.9533  284.39  -0.290  0.0330  0.0643  0.9592  0.00491  0.4062  Z
20180517214315  7.2980  52.531  233.98  EE02  XX  758  -31.9823  -179.9533  284.39  0.206  0.0330  0.0332  0.9713  0.00243  0.4062  Z
20180517214315  7.3744  51.476  232.80  CC04  XX  758  -31.9823  -179.9533  284.39  0.077  0.0330  0.0355  0.9753  0.00301  0.4062  Z
20180517214315  7.4098  50.961  233.15  CC06  XX  758  -31.9823  -179.9533  284.39  0.045  0.0330  0.0283  0.9807  0.00209  0.4062  Z
20180602115306  8.3440  39.366  255.67  CC11  XX  998  -14.9539  -172.8952  10.00  0.095  0.0213  0.1536  0.7145  0.00513  0.4062  Z
20180602115306  8.2268  41.130  254.53  EC03  XX  998  -14.9539  -172.8952  10.00  -0.078  0.0213  0.1099  0.7288  0.00481  0.4062  Z
20180602115306  8.2631  40.593  253.12  CC04  XX  998  -14.9539  -172.8952  10.00  -0.097  0.0213  0.0544  0.8195  0.00247  0.4062  Z
20180602115306  8.1677  41.972  252.94  EC01  XX  998  -14.9539  -172.8952  10.00  0.460  0.0213  0.0871  0.8253  0.00341  0.4062  Z
20180602115306  8.2743  40.421  253.46  CC05  XX  998  -14.9539  -172.8952  10.00  -0.306  0.0213  0.0954  0.8469  0.00429  0.4062  Z
20180602115306  8.4225  38.145  253.49  WW03  XX  998  -14.9539  -172.8952  10.00  0.314  0.0213  0.1228  0.8622  0.00602  0.4062  Z
20180602115306  8.2355  41.005  252.37  CC02  XX  998  -14.9539  -172.8952  10.00  0.380  0.0213  0.0288  0.9330  0.00164  0.4062  Z
20180602115306  8.3064  39.918  254.50  CC08  XX  998  -14.9539  -172.8952  10.00  -0.068  0.0213  0.0535  0.9393  0.00244  0.4062  Z
20180602115306  8.2847  40.256  253.80  CC06  XX  998  -14.9539  -172.8952  10.00  -0.279  0.0213  0.0427  0.9465  0.00179  0.4062  Z
20180602115306  8.2197  41.235  251.95  CC01  XX  998  -14.9539  -172.8952  10.00  -0.185  0.0213  0.0421  0.9483  0.00220  0.4062  Z
20180602115306  8.3154  39.786  252.64  WC02  XX  998  -14.9539  -172.8952  10.00  -0.442  0.0213  0.0277  0.9543  0.00144  0.4062  Z
20180602115306  8.3550  39.205  253.38  WC03  XX  998  -14.9539  -172.8952  10.00  0.206  0.0213  0.0401  0.9653  0.00235  0.4062  Z
20180819003907  7.4214  48.258  250.46  EE01  XX  983  -17.9146  -177.9872  575.52  0.138  0.0132  0.0594  0.7582  0.00172  0.4416  Z
20180819003907  7.5483  46.383  251.31  EC03  XX  983  -17.9146  -177.9872  575.52  0.393  0.0132  0.0407  0.8076  0.00123  0.4416  Z
20180819003907  7.5934  45.730  250.40  CC05  XX  983  -17.9146  -177.9872  575.52  0.014  0.0132  0.0803  0.8757  0.00192  0.4416  Z
20180819003907  7.6706  44.575  252.18  CC11  XX  983  -17.9146  -177.9872  575.52  0.033  0.0132  0.0406  0.8882  0.00116  0.4416  Z
20180819003907  7.5499  46.360  249.53  CC02  XX  983  -17.9146  -177.9872  575.52  -0.211  0.0132  0.0412  0.8944  0.00127  0.4416  Z
20180819003907  7.6060  45.550  250.68  CC06  XX  983  -17.9146  -177.9872  575.52  -0.139  0.0132  0.0611  0.9007  0.00170  0.4416  Z
20180819003907  7.6194  45.357  250.96  CC07  XX  983  -17.9146  -177.9872  575.52  0.288  0.0132  0.0479  0.9051  0.00092  0.4416  Z
20180819003907  7.5807  45.917  250.13  CC04  XX  983  -17.9146  -177.9872  575.52  -0.167  0.0132  0.0696  0.9148  0.00188  0.4416  Z
20180819003907  7.4883  47.297  250.02  EC01  XX  983  -17.9146  -177.9872  575.52  0.130  0.0132  0.0167  0.9176  0.00082  0.4416  Z
20180819003907  7.5333  46.608  249.19  CC01  XX  983  -17.9146  -177.9872  575.52  -0.148  0.0132  0.0548  0.9489  0.00183  0.4416  Z
20180819003907  7.6312  45.181  251.24  CC08  XX  983  -17.9146  -177.9872  575.52  0.030  0.0132  0.0249  0.9609  0.00086  0.4416  Z
20180819003907  7.6956  44.216  251.08  WC04  XX  983  -17.9146  -177.9872  575.52  -0.362  0.0132  0.0371  0.9649  0.00110  0.4416  Z
20180819021852  7.4913  46.781  250.89  EC03  XX  972  -18.2748  -178.3539  618.29  -0.470  0.1838  0.6976  0.4778  0.02981  0.4416  Z
20180819021852  7.5729  45.547  249.30  WC02  XX  972  -18.2748  -178.3539  618.29  -0.097  0.1838  1.1778  0.8241  0.01753  0.4416  Z
20180819021852  7.4897  46.805  252.70  EE04  XX  972  -18.2748  -178.3539  618.29  0.281  0.1838  0.6614  0.8018  0.04268  0.4416  Z
20180819021852  7.6359  44.618  250.65  WC04  XX  972  -18.2748  -178.3539  618.29  0.105  0.1838  0.5761  0.8391  0.04553  0.4416  Z
20180819021852  7.5216  46.325  249.73  CC04  XX  972  -18.2748  -178.3539  618.29  0.090  0.1838  0.4749  0.8508  0.03948  0.4416  Z
20180819021852  7.5584  45.759  250.54  CC07  XX  972  -18.2748  -178.3539  618.29  0.065  0.1838  0.4678  0.9053  0.03645  0.4416  Z
20180819021852  7.5448  45.954  250.27  CC06  XX  972  -18.2748  -178.3539  618.29  -0.189  0.1838  0.4576  0.9405  0.04778  0.4416  Z
20180819021852  7.4751  47.023  248.80  CC01  XX  972  -18.2748  -178.3539  618.29  -0.087  0.1838  0.4523  0.9441  0.05192  0.4416  Z
20180819021852  7.4919  46.772  249.14  CC02  XX  972  -18.2748  -178.3539  618.29  0.303  0.1838  0.5194  0.9662  0.05530  0.4416  Z
20180819021918  7.6663  44.273  250.86  WC04  XX  835  -18.0727  -178.0210  606.99  -0.529  0.0192  0.1102  0.5376  0.00246  0.4243  Z
20180819021918  7.4607  47.357  249.82  EC01  XX  835  -18.0727  -178.0210  606.99  0.360  0.0192  0.1152  0.6853  0.00281  0.4243  Z
20180819021918  7.6438  44.628  251.97  CC11  XX  835  -18.0727  -178.0210  606.99  0.248  0.0192  0.0912  0.8345  0.00268  0.4243  Z
20180819021918  7.5777  45.608  250.47  CC06  XX  835  -18.0727  -178.0210  606.99  -0.093  0.0192  0.1030  0.8402  0.00359  0.4243  Z
20180819021918  7.5205  46.470  252.93  EE04  XX  835  -18.0727  -178.0210  606.99  0.411  0.0192  0.0255  0.8838  0.00221  0.4243  Z
20180819021918  7.5908  45.414  250.74  CC07  XX  835  -18.0727  -178.0210  606.99  -0.310  0.0192  0.0386  0.9220  0.00219  0.4243  Z
20180819021918  7.5235  46.422  249.32  CC02  XX  835  -18.0727  -178.0210  606.99  0.124  0.0192  0.0471  0.9283  0.00163  0.4243  Z
20180819021918  7.7171  43.526  250.12  WW03  XX  835  -18.0727  -178.0210  606.99  0.158  0.0192  0.0519  0.9360  0.00262  0.4243  Z
20180819021918  7.5072  46.672  248.98  CC01  XX  835  -18.0727  -178.0210  606.99  -0.202  0.0192  0.0413  0.9522  0.00171  0.4243  Z
20180819021918  7.5652  45.790  250.20  CC05  XX  835  -18.0727  -178.0210  606.99  -0.005  0.0192  0.0538  0.9636  0.00288  0.4243  Z
20180819021918  7.5523  45.977  249.92  CC04  XX  835  -18.0727  -178.0210  606.99  -0.162  0.0192  0.0167  0.9793  0.00175  0.4243  Z
20180923055215  5.2204  82.294  283.13  CC06  XX  428  12.2222  146.2385  32.00  -0.044  0.0898  0.1542  0.8668  0.01242  0.4243  Z
20180923055215  5.0622  84.324  282.88  EE02  XX  428  12.2222  146.2385  32.00  0.553  0.0898  0.1388  0.8752  0.01110  0.4243  Z
20180923055215  5.1292  83.469  282.82  EC01  XX  428  12.2222  146.2385  32.00  0.338  0.0898  0.9554  0.8810  0.02136  0.4243  Z
20180923055215  5.3089  81.161  283.26  WC03  XX  428  12.2222  146.2385  32.00  -0.343  0.0898  0.5211  0.9117  0.04369  0.4243  Z
20180923055215  5.3787  80.243  283.45  WW03  XX  428  12.2222  146.2385  32.00  -0.630  0.0898  0.5109  0.9277  0.04086  0.4243  Z
20180923055215  5.2164  82.345  282.90  CC02  XX  428  12.2222  146.2385  32.00  0.305  0.0898  0.1257  0.9423  0.01231  0.4243  Z
20180923055215  5.2194  82.306  283.02  CC04  XX  428  12.2222  146.2385  32.00  0.293  0.0898  0.1293  0.9475  0.01240  0.4243  Z
20180923055215  5.3130  81.108  283.56  WC05  XX  428  12.2222  146.2385  32.00  -0.555  0.0898  0.5400  0.9558  0.04515  0.4243  Z
20180923055215  5.2154  82.358  282.84  CC01  XX  428  12.2222  146.2385  32.00  0.242  0.0898  0.1333  0.9586  0.01215  0.4243  Z
20180923055215  5.2219  82.275  283.18  CC07  XX  428  12.2222  146.2385  32.00  -0.080  0.0898  0.1273  0.9626  0.01145  0.4243  Z
20180923055215  5.2252  82.232  283.42  CC11  XX  428  12.2222  146.2385  32.00  -0.182  0.0898  0.1356  0.9626  0.01173  0.4243  Z
20180923055215  5.2200  82.298  283.07  CC05  XX  428  12.2222  146.2385  32.00  0.198  0.0898  0.1223  0.9675  0.01207  0.4243  Z
20180923055215  5.2928  81.368  283.10  WC02  XX  428  12.2222  146.2385  32.00  -0.135  0.0898  0.1370  0.9734  0.01193  0.4243  Z
20180923055215  5.2220  82.274  283.23  CC08  XX  428  12.2222  146.2385  32.00  0.040  0.0898  0.1245  0.9841  0.01184  0.4243  Z
20180926003734  7.6221  45.240  249.63  WC02  XX  1076  -17.9807  -178.0855  582.37  -0.462  0.0079  0.0408  0.5786  0.00273  0.4062  Z
20180926003734  7.5812  45.834  250.34  CC05  XX  1076  -17.9807  -178.0855  582.37  -0.231  0.0079  0.0324  0.9536  0.00334  0.4062  Z
20180926003734  7.6578  44.677  252.11  CC11  XX  1076  -17.9807  -178.0855  582.37  0.268  0.0079  0.0239  0.9647  0.00149  0.4062  Z
20180926003734  7.5373  46.465  249.46  CC02  XX  1076  -17.9807  -178.0855  582.37  0.382  0.0079  0.0285  0.9666  0.00096  0.4062  Z
20180926003734  7.6831  44.319  251.01  WC04  XX  1076  -17.9807  -178.0855  582.37  -0.207  0.0079  0.0308  0.9706  0.00117  0.4062  Z
20180926003734  7.5224  46.713  249.12  CC01  XX  1076  -17.9807  -178.0855  582.37  0.227  0.0079  0.0248  0.9749  0.00114  0.4062  Z
20180926003734  7.5935  45.653  250.61  CC06  XX  1076  -17.9807  -178.0855  582.37  -0.199  0.0079  0.0203  0.9808  0.00112  0.4062  Z
20180926003734  7.7340  43.570  250.27  WW03  XX  1076  -17.9807  -178.0855  582.37  0.073  0.0079  0.0186  0.9829  0.00107  0.4062  Z
20180926003734  7.6192  45.283  251.17  CC08  XX  1076  -17.9807  -178.0855  582.37  0.150  0.0079  0.0195  0.9904  0.00089  0.4062  Z
20181029201722  5.9491  72.699  148.47  WC04  XX  761  -57.5496  -66.3040  10.00  0.111  0.0107  0.0489  0.7536  0.00437  0.5477  Z
20181029201722  5.9334  72.912  148.83  CC05  XX  761  -57.5496  -66.3040  10.00  -0.061  0.0107  0.0572  0.8155  0.00364  0.5477  Z
20181029201722  5.9660  72.456  148.70  CC07  XX  761  -57.5496  -66.3040  10.00  -0.064  0.0107  0.0257  0.8755  0.00202  0.5477  Z
20181029201722  6.1612  69.796  148.64  EE04  XX  761  -57.5496  -66.3040  10.00  -0.130  0.0107  0.0349  0.8871  0.00273  0.5477  Z
20181029201722  5.8776  73.659  149.04  CC02  XX  761  -57.5496  -66.3040  10.00  -0.233  0.0107  0.0194  0.9265  0.00160  0.5477  Z
20181029201722  5.8984  73.380  148.61  WC03  XX  761  -57.5496  -66.3040  10.00  -0.054  0.0107  0.0416  0.9408  0.00276  0.5477  Z
20181029201722  5.8676  73.804  148.78  WC02  XX  761  -57.5496  -66.3040  10.00  0.177  0.0107  0.0143  0.9605  0.00173  0.5477  Z
20181029201722  5.9159  73.144  148.90  CC04  XX  761  -57.5496  -66.3040  10.00  0.253  0.0107  0.0218  0.9779  0.00143  0.5477  Z
20181104192603  4.8042  87.609  314.94  CC04  XX  176  44.5478  145.6552  9.00  0.000  0.0135  0.0788  0.8463  0.00279  0.4062  Z
20181104192603  4.7044  88.815  315.07  CC11  XX  176  44.5478  145.6552  9.00  0.044  0.0135  0.0773  0.8482  0.00293  0.4062  Z
20181104192603  4.6342  90.799  314.77  EE04  XX  176  44.5478  145.6552  9.00  -0.063  0.0135  0.0690  0.8941  0.00273  0.4062  Z
20181104192603  4.8331  87.244  314.89  CC02  XX  176  44.5478  145.6552  9.00  0.024  0.0135  0.0639  0.8989  0.00211  0.4062  Z
20181104192603  4.8041  87.610  315.15  WC04  XX  176  44.5478  145.6552  9.00  0.186  0.0135  0.0415  0.9379  0.00133  0.4062  Z
20181104192603  4.8893  86.556  315.28  WW03  XX  176  44.5478  145.6552  9.00  -0.233  0.0135  0.0341  0.9554  0.00154  0.4062  Z
20181104192603  4.7764  87.948  314.97  CC06  XX  176  44.5478  145.6552  9.00  0.241  0.0135  0.0374  0.9639  0.00149  0.4062  Z
20181104192603  4.6490  89.498  314.73  EE02  XX  176  44.5478  145.6552  9.00  -0.259  0.0135  0.0324  0.9699  0.00143  0.4062  Z
20181104192603  4.8688  86.809  315.04  WC02  XX  176  44.5478  145.6552  9.00  -0.028  0.0135  0.0186  0.9821  0.00118  0.4062  Z
20181104192603  4.7904  87.778  314.96  CC05  XX  176  44.5478  145.6552  9.00  0.199  0.0135  0.0221  0.9881  0.00125  0.4062  Z
20181104192603  4.7839  87.856  315.23  WC05  XX  176  44.5478  145.6552  9.00  -0.113  0.0135  0.0174  0.9961  0.00077  0.4062  Z
20181206232659  7.1130  56.710  247.08  WC03  XX  552  -22.3519  169.6372  9.00  -0.453  0.0050  0.0203  0.8844  0.00057  0.4062  Z
20181206232659  6.8458  60.408  247.19  EE01  XX  552  -22.3519  169.6372  9.00  0.042  0.0050  0.0266  0.9314  0.00095  0.4062  Z
20181206232659  7.1391  56.357  247.58  WC04  XX  552  -22.3519  169.6372  9.00  -0.089  0.0050  0.0216  0.9425  0.00052  0.4062  Z
20181206232659  7.0128  58.102  246.98  CC04  XX  552  -22.3519  169.6372  9.00  -0.105  0.0050  0.0229  0.9572  0.00103  0.4062  Z
20181206232659  6.9768  58.577  246.61  CC02  XX  552  -22.3519  169.6372  9.00  0.221  0.0050  0.0136  0.9792  0.00052  0.4062  Z
20181206232659  7.1893  55.656  247.11  WW03  XX  552  -22.3519  169.6372  9.00  0.104  0.0050  0.0118  0.9795  0.00057  0.4062  Z
20181206232659  6.9074  59.548  247.68  EE02  XX  552  -22.3519  169.6372  9.00  0.259  0.0050  0.0117  0.9804  0.00049  0.4062  Z
20181206232659  7.1181  56.640  248.28  CC11  XX  552  -22.3519  169.6372  9.00  0.072  0.0050  0.0177  0.9813  0.00046  0.4062  Z
20181206232659  7.0276  57.901  247.16  CC05  XX  552  -22.3519  169.6372  9.00  -0.001  0.0050  0.0230  0.9860  0.00063  0.4062  Z
20181206232659  7.0672  57.350  246.71  WC02  XX  552  -22.3519  169.6372  9.00  -0.015  0.0050  0.0150  0.9904  0.00059  0.4062  Z
20181206232659  7.0416  57.705  247.33  CC06  XX  552  -22.3519  169.6372  9.00  -0.034  0.0050  0.0170  0.9933  0.00063  0.4062  Z
20181226141121  8.2703  39.776  251.77  WC05  XX  515  -17.2770  -174.0131  120.00  -0.355  0.0703  0.4995  0.4131  0.01394  0.4243  Z
20181226141121  8.2094  40.683  250.15  WC03  XX  515  -17.2770  -174.0131  120.00  0.076  0.0703  0.1703  0.8274  0.02506  0.4243  Z
20181226141121  8.1280  41.888  250.30  CC05  XX  515  -17.2770  -174.0131  120.00  -0.334  0.0703  0.3084  0.8455  0.03336  0.4243  Z
20181226141121  8.1525  41.514  250.92  CC07  XX  515  -17.2770  -174.0131  120.00  -0.334  0.0703  0.2082  0.8747  0.02741  0.4243  Z
20181226141121  8.2059  40.733  252.32  CC11  XX  515  -17.2770  -174.0131  120.00  0.218  0.0703  0.1360  0.9276  0.02381  0.4243  Z
20181226141121  8.1154  42.075  249.98  CC04  XX  515  -17.2770  -174.0131  120.00  -0.209  0.0703  0.0517  0.9310  0.00659  0.4243  Z
20181226141121  8.1634  41.338  251.25  CC08  XX  515  -17.2770  -174.0131  120.00  0.303  0.0703  0.2213  0.9431  0.02228  0.4243  Z
20181226141121  8.0844  42.520  249.30  CC02  XX  515  -17.2770  -174.0131  120.00  -0.073  0.0703  0.2129  0.9465  0.02223  0.4243  Z
20181226141121  8.0799  42.585  253.45  EE04  XX  515  -17.2770  -174.0131  120.00  0.710  0.0703  0.0428  0.9650  0.00599  0.4243  Z
20190302032254  4.9583  85.660  312.74  WC03  XX  488  41.9469  146.8940  18.73  -0.309  0.0096  0.0461  0.8747  0.00230  0.4416  Z
20190302032254  4.9374  85.931  312.47  CC02  XX  488  41.9469  146.8940  18.73  -0.251  0.0096  0.0502  0.8774  0.00147  0.4416  Z
20190302032254  4.9105  86.268  312.53  CC04  XX  488  41.9469  146.8940  18.73  -0.109  0.0096  0.0328  0.9064  0.00084  0.4416  Z
20190302032254  4.8853  86.582  312.58  CC06  XX  488  41.9469  146.8940  18.73  0.390  0.0096  0.0362  0.9154  0.00124  0.4416  Z
20190302032254  4.6544  89.412  312.40  EE04  XX  488  41.9469  146.8940  18.73  -0.193  0.0096  0.0337  0.9247  0.00114  0.4416  Z
20190302032254  4.8979  86.424  312.56  CC05  XX  488  41.9469  146.8940  18.73  0.359  0.0096  0.0300  0.9368  0.00102  0.4416  Z
20190302032254  4.9168  86.190  312.79  WC04  XX  488  41.9469  146.8940  18.73  -0.195  0.0096  0.0629  0.9379  0.00144  0.4416  Z
20190302032254  4.8735  86.728  312.61  CC07  XX  488  41.9469  146.8940  18.73  0.571  0.0096  0.0153  0.9458  0.00057  0.4416  Z
20190302032254  4.8995  86.404  312.89  WC05  XX  488  41.9469  146.8940  18.73  -0.380  0.0096  0.0246  0.9479  0.00096  0.4416  Z
20190302032254  4.9753  85.448  312.64  WC02  XX  488  41.9469  146.8940  18.73  0.038  0.0096  0.0448  0.9516  0.00127  0.4416  Z
20190302032254  4.8604  86.889  312.63  CC08  XX  488  41.9469  146.8940  18.73  0.200  0.0096  0.0151  0.9862  0.00069  0.4416  Z
20190302032254  4.8201  87.386  312.72  CC11  XX  488  41.9469  146.8940  18.73  -0.119  0.0096  0.0179  0.9919  0.00068  0.4416  Z
20190306184725  5.1672  82.622  266.58  WC03  XX  304  -4.1275  142.9308  129.58  -0.447  0.0217  0.1106  0.5373  0.00599  0.4062  Z
20190306184725  4.8734  86.357  266.19  EE01  XX  304  -4.1275  142.9308  129.58  0.818  0.0217  0.1740  0.5812  0.00593  0.4062  Z
20190306184725  5.1339  83.050  266.46  WC02  XX  304  -4.1275  142.9308  129.58  -0.123  0.0217  0.0472  0.8727  0.00251  0.4062  Z
20190306184725  5.2461  81.591  266.72  WW03  XX  304  -4.1275  142.9308  129.58  -0.537  0.0217  0.1277  0.9327  0.01305  0.4062  Z
20190306184725  5.0445  84.199  266.32  CC02  XX  304  -4.1275  142.9308  129.58  0.443  0.0217  0.0218  0.9330  0.00291  0.4062  Z
20190306184725  5.1233  83.186  266.74  CC11  XX  304  -4.1275  142.9308  129.58  -0.159  0.0217  0.0300  0.9425  0.00231  0.4062  Z
20190306184725  5.0640  83.947  266.41  CC04  XX  304  -4.1275  142.9308  129.58  0.247  0.0217  0.0494  0.9582  0.00431  0.4062  Z
20190306184725  4.9579  85.285  266.52  EE04  XX  304  -4.1275  142.9308  129.58  -0.054  0.0217  0.0379  0.9622  0.00239  0.4062  Z
20190306184725  5.2061  82.110  266.84  WC05  XX  304  -4.1275  142.9308  129.58  -0.310  0.0217  0.0482  0.9648  0.00288  0.4062  Z
20190306184725  5.0952  83.538  266.58  CC08  XX  304  -4.1275  142.9308  129.58  0.244  0.0217  0.0357  0.9648  0.00421  0.4062  Z
20190306184725  5.0794  83.746  266.49  CC06  XX  304  -4.1275  142.9308  129.58  -0.122  0.0217  0.0400  0.9698  0.00316  0.4062  Z
20190306201959  7.6524  49.267  234.23  EE04  XX  1057  -32.2454  -177.7688  9.12  -0.193  0.0160  0.0537  0.8014  0.00437  0.4243  Z
20190306201959  7.6484  49.332  231.95  CC06  XX  1057  -32.2454  -177.7688  9.12  0.242  0.0160  0.0866  0.8042  0.00444  0.4243  Z
20190306201959  7.7988  47.231  232.27  WC05  XX  1057  -32.2454  -177.7688  9.12  0.005  0.0160  0.0797  0.8450  0.00529  0.4243  Z
20190306201959  7.7073  48.523  231.36  WC03  XX  1057  -32.2454  -177.7688  9.12  -0.083  0.0160  0.0485  0.8678  0.00219  0.4243  Z
20190306201959  7.6516  49.280  231.04  WC02  XX  1057  -32.2454  -177.7688  9.12  -0.033  0.0160  0.0604  0.9381  0.00373  0.4243  Z
20190306201959  7.6670  49.062  232.12  CC07  XX  1057  -32.2454  -177.7688  9.12  0.134  0.0160  0.0348  0.9398  0.00220  0.4243  Z
20190306201959  7.5657  50.468  231.21  CC02  XX  1057  -32.2454  -177.7688  9.12  0.122  0.0160  0.0377  0.9522  0.00352  0.4243  Z
20190306201959  7.7497  47.937  232.93  CC11  XX  1057  -32.2454  -177.7688  9.12  -0.020  0.0160  0.0422  0.9672  0.00209  0.4243  Z
20190306201959  7.7465  47.982  231.92  WC04  XX  1057  -32.2454  -177.7688  9.12  -0.173  0.0160  0.0359  0.9707  0.00286  0.4243  Z
20190307153428  6.7618  61.509  120.67  CC04  XX  363  -29.4648  -72.6945  17.00  0.109  0.0063  0.0200  0.9281  0.00160  0.4583  Z
20190307153428  6.9673  58.691  119.44  EE04  XX  363  -29.4648  -72.6945  17.00  0.265  0.0063  0.0149  0.9460  0.00157  0.4583  Z
20190307153428  6.7489  61.703  121.05  CC02  XX  363  -29.4648  -72.6945  17.00  -0.005  0.0063  0.0271  0.9574  0.00240  0.4583  Z
20190307153428  6.6977  62.406  120.60  WC02  XX  363  -29.4648  -72.6945  17.00  0.015  0.0063  0.0253  0.9736  0.00297  0.4583  Z
20190307153428  6.7754  61.323  120.34  CC06  XX  363  -29.4648  -72.6945  17.00  -0.218  0.0063  0.0161  0.9744  0.00203  0.4583  Z
20190307153428  6.7686  61.417  120.50  CC05  XX  363  -29.4648  -72.6945  17.00  -0.041  0.0063  0.0163  0.9812  0.00161  0.4583  Z
20190307153428  6.7006  62.367  120.21  WC03  XX  363  -29.4648  -72.6945  17.00  -0.123  0.0063  0.0203  0.9829  0.00137  0.4583  Z
20190311162551  5.6326  76.870  264.97  WC02  XX  947  -6.0469  149.0143  34.64  -0.567  0.0113  0.0254  0.7788  0.00116  0.4243  Z
20190311162551  5.5991  77.319  265.26  CC08  XX  947  -6.0469  149.0143  34.64  0.344  0.0113  0.0693  0.8018  0.00226  0.4243  Z
20190311162551  5.5833  77.543  265.11  CC06  XX  947  -6.0469  149.0143  34.64  0.151  0.0113  0.0570  0.8101  0.00169  0.4243  Z
20190311162551  5.6747  76.317  265.37  WC04  XX  947  -6.0469  149.0143  34.64  -0.218  0.0113  0.0572  0.8438  0.00296  0.4243  Z
20190311162551  5.4705  79.027  265.42  EE04  XX  947  -6.0469  149.0143  34.64  0.435  0.0113  0.0618  0.8691  0.00172  0.4243  Z
20190311162551  5.5465  78.029  264.79  CC02  XX  947  -6.0469  149.0143  34.64  0.259  0.0113  0.0513  0.8866  0.00178  0.4243  Z
20190311162551  5.7073  75.877  265.59  WC05  XX  947  -6.0469  149.0143  34.64  -0.235  0.0113  0.0242  0.9247  0.00065  0.4243  Z
20190311162551  5.5671  77.759  264.96  CC04  XX  947  -6.0469  149.0143  34.64  0.437  0.0113  0.0399  0.9370  0.00148  0.4243  Z
20190311162551  5.7443  75.387  265.33  WW03  XX  947  -6.0469  149.0143  34.64  -0.400  0.0113  0.0272  0.9409  0.00065  0.4243  Z
20190311162551  5.6667  76.424  265.17  WC03  XX  947  -6.0469  149.0143  34.64  -0.444  0.0113  0.0257  0.9597  0.00084  0.4243  Z
20190311162551  5.6271  76.945  265.53  CC11  XX  947  -6.0469  149.0143  34.64  0.270  0.0113  0.0209  0.9614  0.00075  0.4243  Z
20190311162551  5.5754  77.648  265.03  CC05  XX  947  -6.0469  149.0143  34.64  -0.031  0.0113  0.0127  0.9773  0.00075  0.4243  Z
