20180706014004  5.1491  83.171  323.40  EE02  XX  816  51.4994  157.8404  45.00  -0.433  0.1211  0.5573  0.2163  0.00548  0.6325  P
20180706014004  5.2850  81.422  323.73  CC04  XX  816  51.4994  157.8404  45.00  0.065  0.1211  0.5439  0.7072  0.00715  0.6325  P
20180706014004  5.2516  81.843  323.82  CC06  XX  816  51.4994  157.8404  45.00  0.251  0.1211  0.5421  0.3175  0.00597  0.6325  P
20180706014004  5.1482  83.182  323.77  EC04  XX  816  51.4994  157.8404  45.00  0.132  0.1211  0.8376  0.5440  0.00578  0.6325  P
20180706014004  5.2261  82.175  323.56  EC02  XX  816  51.4994  157.8404  45.00  0.316  0.1211  0.5550  0.5375  0.00818  0.6325  P
20180706014004  5.2684  81.632  323.77  CC05  XX  816  51.4994  157.8404  45.00  0.283  0.1211  0.4841  0.3818  0.00682  0.6325  P
20180706014004  5.1674  82.936  324.05  CC11  XX  816  51.4994  157.8404  45.00  -0.445  0.1211  0.6552  0.4031  0.01098  0.6325  P
20180706014004  5.2981  81.254  324.54  WW04  XX  816  51.4994  157.8404  45.00  -0.245  0.1211  0.5542  0.6338  0.00599  0.6325  P
20180706014004  5.3409  80.690  323.56  CC01  XX  816  51.4994  157.8404  45.00  -0.165  0.1211  0.5266  0.3633  0.00538  0.6325  P
20180706014004  5.2535  81.820  323.42  EC01  XX  816  51.4994  157.8404  45.00  -0.326  0.1211  0.6113  0.4974  0.01011  0.6325  P
20180706014004  5.0937  83.868  323.53  EE03  XX  816  51.4994  157.8404  45.00  -0.090  0.1211  0.7401  0.3110  0.00572  0.6325  P
20180706014004  5.3383  80.725  324.32  WW03  XX  816  51.4994  157.8404  45.00  -0.099  0.1211  0.4968  0.8148  0.00591  0.6325  P
20180706014004  5.0971  83.826  323.83  EC05  XX  816  51.4994  157.8404  45.00  0.137  0.1211  0.5310  0.8934  0.00616  0.6325  P
20180706014004  5.1766  82.819  323.63  EC03  XX  816  51.4994  157.8404  45.00  0.531  0.1211  0.7456  0.5980  0.01113  0.6325  P
20180706014004  5.2195  82.259  323.91  CC08  XX  816  51.4994  157.8404  45.00  0.332  0.1211  0.6888  0.3544  0.00610  0.6325  P
20180706014004  5.3397  80.706  323.90  WC02  XX  816  51.4994  157.8404  45.00  -0.124  0.1211  0.5781  0.2328  0.00561  0.6325  P
20180706014004  5.3123  81.071  324.06  WC03  XX  816  51.4994  157.8404  45.00  -0.029  0.1211  0.4789  0.7730  0.00711  0.6325  P
20180706014004  5.0263  84.735  323.62  EE04  XX  816  51.4994  157.8404  45.00  -0.010  0.1211  0.5440  0.6920  0.00542  0.6325  P
20180706014004  5.3921  80.022  324.15  WW02  XX  816  51.4994  157.8404  45.00  -0.121  0.1211  0.5108  0.6110  0.00639  0.6325  P
20180706014004  5.2334  82.081  324.29  WC05  XX  816  51.4994  157.8404  45.00  0.029  0.1211  0.4258  0.7609  0.00550  0.6325  P
20180706014004  5.2619  81.714  324.14  WC04  XX  816  51.4994  157.8404  45.00  0.010  0.1211  0.4963  0.7122  0.00605  0.6325  P
20180812145853  5.8526  73.994  355.78  WC01  XX  891  69.5762  -145.2910  15.80  0.244  0.0112  0.0623  0.8711  0.00632  0.8944  P
20180812145853  5.8834  73.564  356.16  WW01  XX  891  69.5762  -145.2910  15.80  -0.562  0.0112  0.0282  0.8232  0.00401  0.8944  P
20180812145853  5.7393  75.514  355.96  WC03  XX  891  69.5762  -145.2910  15.80  0.050  0.0112  0.0275  0.8996  0.00271  0.8944  P
20180812145853  5.8529  73.990  355.35  CC01  XX  891  69.5762  -145.2910  15.80  0.286  0.0112  0.0533  0.8221  0.00846  0.8944  P
20180812145853  5.7997  74.692  356.21  WW02  XX  891  69.5762  -145.2910  15.80  -0.036  0.0112  0.0194  0.9687  0.00226  0.8944  P
20180812145853  5.6765  76.351  355.63  CC08  XX  891  69.5762  -145.2910  15.80  -0.179  0.0112  0.0155  0.9507  0.00202  0.8944  P
20180812145853  5.7447  75.441  355.17  EC02  XX  891  69.5762  -145.2910  15.80  0.196  0.0112  0.0188  0.9567  0.00242  0.8944  P
20180819001940  7.4569  47.488  249.80  EC01  XX  208  -18.1125  -178.1530  600.00  -0.177  0.1628  0.6824  0.4414  0.02785  0.5477  P
20180819001940  7.5580  45.973  251.66  EC04  XX  208  -18.1125  -178.1530  600.00  0.327  0.1628  1.0050  0.3848  0.01444  0.5477  P
20180819001940  7.4989  46.872  250.35  EC02  XX  208  -18.1125  -178.1530  600.00  -0.384  0.1628  0.7222  0.6418  0.02477  0.5477  P
20180819001940  7.5036  46.803  248.96  CC01  XX  208  -18.1125  -178.1530  600.00  0.114  0.1628  0.7277  0.5234  0.02390  0.5477  P
20180819001940  7.7682  42.835  251.00  WW04  XX  208  -18.1125  -178.1530  600.00  -0.280  0.1628  0.6300  0.7946  0.02358  0.5477  P
20180819001940  7.6694  44.311  249.13  WW02  XX  208  -18.1125  -178.1530  600.00  -0.015  0.1628  0.3806  0.6617  0.02371  0.5477  P
20180819001940  7.5997  45.367  251.00  CC08  XX  208  -18.1125  -178.1530  600.00  -0.132  0.1628  0.6475  0.5656  0.01485  0.5477  P
20180819001940  7.5796  45.660  248.72  WC01  XX  208  -18.1125  -178.1530  600.00  0.078  0.1628  0.3297  0.9363  0.03222  0.5477  P
20180819001940  7.5486  46.108  249.90  CC04  XX  208  -18.1125  -178.1530  600.00  0.114  0.1628  0.2317  0.7510  0.02084  0.5477  P
20180819001940  7.5617  45.920  250.17  CC05  XX  208  -18.1125  -178.1530  600.00  0.107  0.1628  0.4910  0.6077  0.03063  0.5477  P
20180819001940  7.5347  46.309  249.65  CC03  XX  208  -18.1125  -178.1530  600.00  0.248  0.1628  0.3456  0.9029  0.02963  0.5477  P
20180819042858  7.7546  45.008  251.00  WC02  XX  76  -16.9783  -178.0332  415.60  -0.188  0.0758  0.7368  0.5923  0.01174  0.4899  P
20180819042858  7.7374  45.259  252.26  CC07  XX  76  -16.9783  -178.0332  415.60  0.165  0.0758  0.1972  0.7942  0.00504  0.4899  P
20180819042858  7.7240  45.450  253.97  EC05  XX  76  -16.9783  -178.0332  415.60  0.299  0.0758  0.4174  0.7917  0.01848  0.4899  P
20180819042858  7.5912  47.358  252.49  EE02  XX  76  -16.9783  -178.0332  415.60  0.104  0.0758  0.1777  0.8021  0.00426  0.4899  P
20180819042858  7.6639  46.296  252.59  EC03  XX  76  -16.9783  -178.0332  415.60  0.458  0.0758  0.7015  0.7329  0.01173  0.4899  P
20180819042858  7.7941  44.410  251.61  WC03  XX  76  -16.9783  -178.0332  415.60  -0.174  0.0758  0.1507  0.9329  0.00374  0.4899  P
20180819042858  7.6578  46.380  254.42  EE04  XX  76  -16.9783  -178.0332  415.60  0.638  0.0758  0.6164  0.8106  0.01407  0.4899  P
20180819042858  7.8684  43.350  251.69  WW03  XX  76  -16.9783  -178.0332  415.60  0.038  0.0758  0.1009  0.9119  0.00356  0.4899  P
20180819042858  7.6523  46.470  250.46  CC01  XX  76  -16.9783  -178.0332  415.60  -0.315  0.0758  0.1456  0.9188  0.00401  0.4899  P
20180819042858  7.6456  46.579  251.85  EC02  XX  76  -16.9783  -178.0332  415.60  0.480  0.0758  0.5956  0.8256  0.01367  0.4899  P
20180819042858  7.7872  44.505  253.51  CC11  XX  76  -16.9783  -178.0332  415.60  0.116  0.0758  0.0823  0.9503  0.00345  0.4899  P
20180819042858  7.6040  47.181  251.28  EC01  XX  76  -16.9783  -178.0332  415.60  0.307  0.0758  0.0998  0.8898  0.00359  0.4899  P
20180819042858  7.5346  48.154  251.70  EE01  XX  76  -16.9783  -178.0332  415.60  0.296  0.0758  0.0950  0.9438  0.00354  0.4899  P
20180819042858  7.8150  44.119  252.41  WC04  XX  76  -16.9783  -178.0332  415.60  -0.200  0.0758  0.0995  0.9417  0.00376  0.4899  P
20180819042858  7.7922  44.437  249.61  WW01  XX  76  -16.9783  -178.0332  415.60  -0.434  0.0758  0.8467  0.8757  0.01069  0.4899  P
20180819042858  7.6997  45.800  251.42  CC04  XX  76  -16.9783  -178.0332  415.60  -0.305  0.0758  0.1034  0.9761  0.00368  0.4899  P
20180819042858  7.8249  43.979  250.69  WW02  XX  76  -16.9783  -178.0332  415.60  -0.512  0.0758  0.4211  0.9663  0.01953  0.4899  P
20180819042858  7.6858  45.995  251.16  CC03  XX  76  -16.9783  -178.0332  415.60  -0.211  0.0758  0.1011  0.9680  0.00370  0.4899  P
20180819042858  7.7491  45.089  252.55  CC08  XX  76  -16.9783  -178.0332  415.60  0.074  0.0758  0.1121  0.9571  0.00353  0.4899  P
20180819042858  7.7242  45.446  251.98  CC06  XX  76  -16.9783  -178.0332  415.60  -0.288  0.0758  0.1137  0.9500  0.00371  0.4899  P
20180819042858  7.8556  43.535  253.06  WC05  XX  76  -16.9783  -178.0332  415.60  -0.101  0.0758  0.1263  0.9672  0.00374  0.4899  P
20180819042858  7.7332  45.319  250.24  WC01  XX  76  -16.9783  -178.0332  415.60  -0.246  0.0758  0.1066  0.9856  0.00364  0.4899  P
20180821213147  5.9216  72.496  76.24  CC11  XX  200  10.7731  -62.9019  146.82  0.104  0.1015  0.1711  0.7016  0.00989  0.5477  P
20180821213147  5.9699  71.817  76.60  CC07  XX  200  10.7731  -62.9019  146.82  0.444  0.1015  0.7096  0.7431  0.09213  0.5477  P
20180821213147  5.9939  71.503  76.77  CC05  XX  200  10.7731  -62.9019  146.82  -0.217  0.1015  0.2002  0.8384  0.02024  0.5477  P
20180821213147  6.1056  69.977  76.81  EC01  XX  200  10.7731  -62.9019  146.82  -0.680  0.1015  0.6995  0.9363  0.09316  0.5477  P
20180821213147  6.0465  70.786  77.19  CC01  XX  200  10.7731  -62.9019  146.82  -0.407  0.1015  0.1161  0.8922  0.02067  0.5477  P
20180821213147  5.8664  73.255  77.27  WW02  XX  200  10.7731  -62.9019  146.82  0.323  0.1015  0.1112  0.9093  0.01478  0.5477  P
20180821213147  5.9042  72.726  76.92  WC03  XX  200  10.7731  -62.9019  146.82  0.270  0.1015  0.0947  0.9211  0.01661  0.5477  P
20180821213147  5.9602  71.966  76.51  CC08  XX  200  10.7731  -62.9019  146.82  0.362  0.1015  0.0707  0.8874  0.00776  0.5477  P
20180821213147  6.1787  68.958  76.54  EE01  XX  200  10.7731  -62.9019  146.82  -0.199  0.1015  0.1448  0.8839  0.02159  0.5477  P
20180821223226  6.8567  60.248  254.32  EC01  XX  188  -16.0315  168.1428  9.00  -0.306  0.1100  0.1814  0.8622  0.00805  0.6325  P
20180821223226  7.1339  56.426  254.83  WW03  XX  188  -16.0315  168.1428  9.00  0.425  0.1100  0.2322  0.6264  0.00954  0.6325  P
20180821223226  6.9792  58.546  254.86  CC06  XX  188  -16.0315  168.1428  9.00  0.001  0.1100  0.6165  0.3144  0.02040  0.6325  P
20180821223226  7.0910  57.001  254.17  WW02  XX  188  -16.0315  168.1428  9.00  -0.193  0.1100  0.5507  0.7889  0.03423  0.6325  P
20180821223226  7.0576  57.486  254.71  WC03  XX  188  -16.0315  168.1428  9.00  0.353  0.1100  0.7886  0.5657  0.02484  0.6325  P
20180821223226  6.9122  59.484  253.86  CC01  XX  188  -16.0315  168.1428  9.00  -0.384  0.1100  0.1805  0.7233  0.00838  0.6325  P
20180821223226  6.9719  58.641  256.06  EC05  XX  188  -16.0315  168.1428  9.00  -0.046  0.1100  0.2710  0.4070  0.00945  0.6325  P
20180821223226  6.8398  60.492  255.04  EE02  XX  188  -16.0315  168.1428  9.00  0.249  0.1100  0.4495  0.3537  0.00975  0.6325  P
20180821223226  6.9925  58.373  255.04  CC07  XX  188  -16.0315  168.1428  9.00  -0.322  0.1100  0.7132  0.7673  0.02664  0.6325  P
20180821223226  6.9569  58.871  254.49  CC04  XX  188  -16.0315  168.1428  9.00  0.155  0.1100  0.2610  0.7285  0.01325  0.6325  P
20180821223226  7.0749  57.235  255.21  WC04  XX  188  -16.0315  168.1428  9.00  -0.002  0.1100  0.2168  0.7846  0.01216  0.6325  P
20180821223226  7.0440  57.673  255.85  CC11  XX  188  -16.0315  168.1428  9.00  0.003  0.1100  0.2264  0.7566  0.01193  0.6325  P
20180821223226  6.7832  61.248  254.51  EE01  XX  188  -16.0315  168.1428  9.00  0.068  0.1100  0.2865  0.8719  0.01468  0.6325  P
20180828223513  5.3877  80.040  287.69  WW01  XX  1069  16.8044  146.8395  55.00  -0.220  0.0435  0.1046  0.7317  0.00252  0.5477  P
20180828223513  5.0537  84.352  287.49  EE02  XX  1069  16.8044  146.8395  55.00  0.192  0.0435  0.2245  0.7914  0.00573  0.5477  P
20180828223513  5.1157  83.558  287.90  EC05  XX  1069  16.8044  146.8395  55.00  -0.206  0.0435  0.1994  0.7546  0.00246  0.5477  P
20180828223513  5.2121  82.316  287.60  CC03  XX  1069  16.8044  146.8395  55.00  0.519  0.0435  0.2390  0.5918  0.00556  0.5477  P
20180828223513  5.2084  82.363  287.81  CC07  XX  1069  16.8044  146.8395  55.00  -0.130  0.0435  0.2977  0.5369  0.00320  0.5477  P
20180828223513  5.2854  81.379  287.75  WC02  XX  1069  16.8044  146.8395  55.00  0.232  0.0435  0.2339  0.8373  0.00504  0.5477  P
20180828223513  5.0280  84.677  287.75  EE04  XX  1069  16.8044  146.8395  55.00  -0.156  0.0435  0.3644  0.6315  0.00483  0.5477  P
20180828223513  5.2032  82.435  288.05  CC11  XX  1069  16.8044  146.8395  55.00  -0.185  0.0435  0.1351  0.7846  0.00245  0.5477  P
20180828223513  5.2064  82.389  287.87  CC08  XX  1069  16.8044  146.8395  55.00  0.352  0.0435  0.2304  0.7119  0.00410  0.5477  P
20180828223513  5.1271  83.414  287.44  EC01  XX  1069  16.8044  146.8395  55.00  0.611  0.0435  0.1425  0.7348  0.00195  0.5477  P
20180828223513  5.2795  81.453  288.03  WC04  XX  1069  16.8044  146.8395  55.00  -0.456  0.0435  0.0843  0.9678  0.00246  0.5477  P
20180828223513  5.3624  80.366  288.11  WW03  XX  1069  16.8044  146.8395  55.00  -0.357  0.0435  0.1153  0.9527  0.00268  0.5477  P
20180828223513  5.2123  82.314  287.66  CC04  XX  1069  16.8044  146.8395  55.00  0.098  0.0435  0.1720  0.8601  0.00446  0.5477  P
20180828223513  5.2090  82.356  287.76  CC06  XX  1069  16.8044  146.8395  55.00  -0.061  0.0435  0.0775  0.9225  0.00188  0.5477  P
20180828223513  5.3019  81.167  287.62  WC01  XX  1069  16.8044  146.8395  55.00  -0.273  0.0435  0.1326  0.8502  0.00295  0.5477  P
20180828223513  5.2157  82.270  287.47  CC01  XX  1069  16.8044  146.8395  55.00  0.016  0.0435  0.1168  0.8704  0.00269  0.5477  P
20180828223513  5.2108  82.333  287.71  CC05  XX  1069  16.8044  146.8395  55.00  0.025  0.0435  0.1145  0.9441  0.00261  0.5477  P
20180906154918  7.4256  47.114  250.14  WC03  XX  61  -18.4743  179.3502  670.81  0.636  0.0226  0.1770  0.5787  0.00245  0.4899  P
20180906154918  7.4875  46.203  251.44  WC05  XX  61  -18.4743  179.3502  670.81  0.188  0.0226  0.2459  0.5985  0.00184  0.4899  P
20180906154918  7.3725  47.944  250.73  CC07  XX  61  -18.4743  179.3502  670.81  -0.039  0.0226  0.0435  0.9753  0.00118  0.4899  P
20180906154918  7.4533  46.708  249.29  WW02  XX  61  -18.4743  179.3502  670.81  -0.266  0.0226  0.0526  0.9660  0.00140  0.4899  P
20180906154918  7.3869  47.726  249.59  WC02  XX  61  -18.4743  179.3502  670.81  -0.480  0.0226  0.1003  0.8424  0.00191  0.4899  P
20180906154918  7.3631  48.083  252.29  EC05  XX  61  -18.4743  179.3502  670.81  -0.049  0.0226  0.0919  0.9321  0.00123  0.4899  P
20180906154918  7.5497  45.235  251.02  WW04  XX  61  -18.4743  179.3502  670.81  -0.532  0.0226  0.0884  0.9048  0.00111  0.4899  P
20180906154918  7.4971  46.055  250.19  WW03  XX  61  -18.4743  179.3502  670.81  0.023  0.0226  0.0994  0.7865  0.00154  0.4899  P
20180906154918  7.3432  48.372  251.60  EC04  XX  61  -18.4743  179.3502  670.81  0.018  0.0226  0.0812  0.8898  0.00097  0.4899  P
20180906154918  7.4467  46.803  250.85  WC04  XX  61  -18.4743  179.3502  670.81  -0.128  0.0226  0.0672  0.9643  0.00117  0.4899  P
20180906154918  7.4227  47.156  251.86  CC11  XX  61  -18.4743  179.3502  670.81  -0.180  0.0226  0.1109  0.9157  0.00124  0.4899  P
20180906154918  7.3843  47.766  250.99  CC08  XX  61  -18.4743  179.3502  670.81  0.320  0.0226  0.1507  0.7526  0.00117  0.4899  P
20180906154918  7.2422  49.887  249.88  EC01  XX  61  -18.4743  179.3502  670.81  0.683  0.0226  0.1226  0.7395  0.00130  0.4899  P
20180906154918  7.3008  48.995  252.72  EE04  XX  61  -18.4743  179.3502  670.81  -0.080  0.0226  0.0761  0.8906  0.00079  0.4899  P
20180906154918  7.2325  50.029  250.97  EE02  XX  61  -18.4743  179.3502  670.81  0.316  0.0226  0.1448  0.7212  0.00107  0.4899  P
20180906154918  7.4203  47.190  248.32  WW01  XX  61  -18.4743  179.3502  670.81  -0.154  0.0226  0.1283  0.8675  0.00169  0.4899  P
20180906154918  7.3469  48.319  250.23  CC05  XX  61  -18.4743  179.3502  670.81  -0.076  0.0226  0.1106  0.8876  0.00131  0.4899  P
20180906154918  7.2881  49.199  249.12  CC01  XX  61  -18.4743  179.3502  670.81  -0.121  0.0226  0.0474  0.8636  0.00060  0.4899  P
20180906154918  7.3338  48.506  249.98  CC04  XX  61  -18.4743  179.3502  670.81  -0.170  0.0226  0.0209  0.9747  0.00045  0.4899  P
20180906154918  7.1782  50.846  250.27  EE01  XX  61  -18.4743  179.3502  670.81  0.322  0.0226  0.0917  0.8020  0.00102  0.4899  P
20180906154918  7.3197  48.707  249.74  CC03  XX  61  -18.4743  179.3502  670.81  -0.125  0.0226  0.0928  0.9573  0.00196  0.4899  P
20180906154918  7.3593  48.138  250.48  CC06  XX  61  -18.4743  179.3502  670.81  -0.106  0.0226  0.0749  0.9613  0.00195  0.4899  P
20180907021206  7.1294  55.963  89.40  WW02  XX  991  -2.2532  -78.7903  110.50  0.320  0.0698  0.2660  0.8522  0.00692  0.8944  P
20180907021206  7.1810  55.256  88.79  WC03  XX  991  -2.2532  -78.7903  110.50  -0.032  0.0698  0.2771  0.9694  0.01586  0.8944  P
20180907021206  7.3005  53.586  87.01  EC05  XX  991  -2.2532  -78.7903  110.50  -0.332  0.0698  0.5142  0.6489  0.01533  0.8944  P
20180907021206  7.3776  52.543  86.56  EE04  XX  991  -2.2532  -78.7903  110.50  0.067  0.0698  0.1699  0.9052  0.00522  0.8944  P
20180907021206  7.0683  56.818  88.10  WW04  XX  991  -2.2532  -78.7903  110.50  0.009  0.0698  0.3975  0.5654  0.00560  0.8944  P
20180907021206  7.3873  52.408  87.41  EE03  XX  991  -2.2532  -78.7903  110.50  0.031  0.0698  0.3499  0.8225  0.00915  0.8944  P
20180907021206  7.3702  52.644  89.23  EC01  XX  991  -2.2532  -78.7903  110.50  -0.792  0.0698  0.1860  0.8589  0.00858  0.8944  P
20180907021206  7.2244  54.646  87.42  CC11  XX  991  -2.2532  -78.7903  110.50  -0.051  0.0698  0.1446  0.7164  0.00283  0.8944  P
20180907021206  7.3401  53.047  88.72  EC02  XX  991  -2.2532  -78.7903  110.50  0.014  0.0698  0.7391  0.3263  0.00702  0.8944  P
20180907021206  7.3046  53.512  87.61  EC04  XX  991  -2.2532  -78.7903  110.50  0.312  0.0698  0.4922  0.7814  0.01635  0.8944  P
20180907021206  7.1768  55.317  88.23  WC04  XX  991  -2.2532  -78.7903  110.50  -0.167  0.0698  0.1590  0.9044  0.00525  0.8944  P
20180907021206  7.2980  53.625  89.82  CC01  XX  991  -2.2532  -78.7903  110.50  -0.108  0.0698  0.2884  0.9108  0.01759  0.8944  P
20180907021206  7.1064  56.278  88.70  WW03  XX  991  -2.2532  -78.7903  110.50  0.155  0.0698  0.2538  0.8165  0.00771  0.8944  P
20180907021206  7.2688  54.040  88.79  CC05  XX  991  -2.2532  -78.7903  110.50  0.069  0.0698  0.2730  0.8144  0.01242  0.8944  P
20180907021206  7.2828  53.846  89.23  CC03  XX  991  -2.2532  -78.7903  110.50  0.144  0.0698  0.2002  0.9039  0.00866  0.8944  P
20180907021206  7.1355  55.882  90.16  WW01  XX  991  -2.2532  -78.7903  110.50  0.193  0.0698  0.1641  0.6583  0.00272  0.8944  P
20180907021206  7.4476  51.548  88.96  EE01  XX  991  -2.2532  -78.7903  110.50  -0.032  0.0698  0.2551  0.8500  0.01055  0.8944  P
20180907021206  7.2552  54.228  88.35  CC07  XX  991  -2.2532  -78.7903  110.50  0.016  0.0698  0.1656  0.9244  0.00424  0.8944  P
20180907021206  7.2085  54.860  89.26  WC02  XX  991  -2.2532  -78.7903  110.50  0.184  0.0698  0.0929  0.8672  0.00221  0.8944  P
20180909193135  6.5063  64.830  261.85  CC07  XX  118  -10.0207  161.5025  68.00  -0.144  0.0556  0.3319  0.6573  0.03094  0.7746  P
20180909193135  6.6006  63.521  260.75  WW01  XX  118  -10.0207  161.5025  68.00  0.436  0.0556  0.1912  0.7729  0.01657  0.7746  P
20180909193135  6.4660  65.368  261.26  CC03  XX  118  -10.0207  161.5025  68.00  0.176  0.0556  0.1420  0.8339  0.01636  0.7746  P
20180909193135  6.3027  67.631  261.24  EE01  XX  118  -10.0207  161.5025  68.00  -0.507  0.0556  0.2885  0.7696  0.03550  0.7746  P
20180909193135  6.6189  63.269  261.31  WW02  XX  118  -10.0207  161.5025  68.00  -0.041  0.0556  0.0814  0.9013  0.01150  0.7746  P
20180909193135  6.5456  64.279  262.52  CC11  XX  118  -10.0207  161.5025  68.00  0.167  0.0556  0.0839  0.8831  0.01073  0.7746  P
20180909193135  6.4961  64.968  261.70  CC06  XX  118  -10.0207  161.5025  68.00  0.045  0.0556  0.0348  0.9496  0.00649  0.7746  P
20180909193135  6.3979  66.317  262.65  EE04  XX  118  -10.0207  161.5025  68.00  -0.132  0.0556  0.1120  0.9317  0.01376  0.7746  P
20180910041902  7.4143  51.986  234.07  EE02  XX  217  -31.7447  -179.3728  115.00  -0.426  0.0877  0.5868  0.3995  0.00705  0.5477  P
20180910041902  7.4719  51.197  232.70  CC03  XX  217  -31.7447  -179.3728  115.00  -0.272  0.0877  0.6231  0.5789  0.02898  0.5477  P
20180910041902  7.6266  49.044  234.18  CC11  XX  217  -31.7447  -179.3728  115.00  0.380  0.0877  0.6314  0.5927  0.02770  0.5477  P
20180910041902  7.5368  50.262  231.12  WW01  XX  217  -31.7447  -179.3728  115.00  -0.045  0.0877  0.2334  0.8404  0.01524  0.5477  P
20180910041902  7.5935  49.494  231.83  WW02  XX  217  -31.7447  -179.3728  115.00  0.023  0.0877  0.2358  0.7978  0.01049  0.5477  P
20180910041902  7.4215  51.872  232.26  CC01  XX  217  -31.7447  -179.3728  115.00  -0.127  0.0877  0.2088  0.7941  0.01044  0.5477  P
20180910041902  7.6253  49.063  233.21  WC04  XX  217  -31.7447  -179.3728  115.00  0.068  0.0877  0.2865  0.8737  0.01392  0.5477  P
20180910041902  7.5759  49.737  234.80  EC05  XX  217  -31.7447  -179.3728  115.00  -0.074  0.0877  0.2365  0.8135  0.01035  0.5477  P
20180910041902  7.5866  49.589  232.66  WC03  XX  217  -31.7447  -179.3728  115.00  0.176  0.0877  0.1437  0.8987  0.01051  0.5477  P
20180910041902  7.5640  49.898  233.57  CC08  XX  217  -31.7447  -179.3728  115.00  0.020  0.0877  0.2181  0.9242  0.01217  0.5477  P
20180910041902  7.6563  48.597  232.44  WW03  XX  217  -31.7447  -179.3728  115.00  0.165  0.0877  0.1921  0.8874  0.00858  0.5477  P
20180910041902  7.5098  50.670  233.03  CC05  XX  217  -31.7447  -179.3728  115.00  0.183  0.0877  0.2443  0.8896  0.01194  0.5477  P
20180910041902  7.4912  50.929  232.85  CC04  XX  217  -31.7447  -179.3728  115.00  -0.070  0.0877  0.2154  0.9339  0.01828  0.5477  P
20180916211148  7.2505  50.787  241.63  CC05  XX  109  -25.4150  178.1991  576.00  0.002  0.1430  0.7513  0.1104  0.00504  0.7746  P
20180916211148  7.2824  50.320  240.99  WC02  XX  109  -25.4150  178.1991  576.00  0.500  0.1430  0.7151  0.8678  0.00719  0.7746  P
20180916211148  7.3284  49.631  241.41  WC03  XX  109  -25.4150  178.1991  576.00  -0.327  0.1430  0.6389  0.7861  0.00789  0.7746  P
20180916211148  7.0810  53.241  241.93  EE01  XX  109  -25.4150  178.1991  576.00  -0.042  0.1430  1.1399  0.0547  0.00573  0.7746  P
20180916211148  7.1957  51.568  243.17  EE03  XX  109  -25.4150  178.1991  576.00  0.196  0.1430  0.5492  0.6408  0.00536  0.7746  P
20180916211148  7.3466  49.376  242.97  CC11  XX  109  -25.4150  178.1991  576.00  -0.112  0.1430  1.0303  0.5478  0.00414  0.7746  P
20180916211148  7.1787  51.840  240.73  CC01  XX  109  -25.4150  178.1991  576.00  0.218  0.1430  0.6335  0.5905  0.00557  0.7746  P
20180916211148  7.2957  50.117  242.26  CC08  XX  109  -25.4150  178.1991  576.00  0.380  0.1430  0.8124  0.7158  0.00673  0.7746  P
20180916211148  7.2525  50.758  240.41  WC01  XX  109  -25.4150  178.1991  576.00  0.071  0.1430  0.6319  0.6731  0.00562  0.7746  P
20180916211148  7.4042  48.527  242.47  WC05  XX  109  -25.4150  178.1991  576.00  -0.368  0.1430  0.5198  0.8709  0.00787  0.7746  P
20180916211148  7.1883  51.687  241.88  EC02  XX  109  -25.4150  178.1991  576.00  -0.260  0.1430  0.7485  0.4747  0.00580  0.7746  P
20180916211148  7.2180  51.250  241.24  CC03  XX  109  -25.4150  178.1991  576.00  -0.450  0.1430  0.7414  0.4368  0.00497  0.7746  P
20180916211148  7.3022  50.008  239.79  WW01  XX  109  -25.4150  178.1991  576.00  -0.274  0.1430  0.9917  0.6204  0.00453  0.7746  P
20180916211148  7.2348  51.013  241.43  CC04  XX  109  -25.4150  178.1991  576.00  0.257  0.1430  0.6900  0.9337  0.00591  0.7746  P
20180916211148  7.3998  48.593  241.32  WW03  XX  109  -25.4150  178.1991  576.00  0.052  0.1430  0.4515  0.8139  0.00594  0.7746  P
20180916211148  7.2633  50.598  242.88  EC04  XX  109  -25.4150  178.1991  576.00  0.339  0.1430  0.6481  0.7173  0.00568  0.7746  P
20180916211148  7.4630  47.660  241.96  WW04  XX  109  -25.4150  178.1991  576.00  -0.062  0.1430  0.4966  0.9127  0.00642  0.7746  P
20180916211148  7.1461  52.317  242.49  EE02  XX  109  -25.4150  178.1991  576.00  0.200  0.1430  0.6104  0.3500  0.00573  0.7746  P
20180916211148  7.3465  49.377  240.60  WW02  XX  109  -25.4150  178.1991  576.00  -0.074  0.1430  0.5492  0.8081  0.00641  0.7746  P
20180916211148  7.2654  50.567  241.84  CC06  XX  109  -25.4150  178.1991  576.00  0.168  0.1430  0.6679  0.6355  0.00555  0.7746  P
20180916211148  7.3585  49.207  242.02  WC04  XX  109  -25.4150  178.1991  576.00  -0.232  0.1430  0.5297  0.9207  0.00719  0.7746  P
20180916211148  7.2814  50.334  242.05  CC07  XX  109  -25.4150  178.1991  576.00  -0.183  0.1430  0.5331  0.8546  0.00756  0.7746  P
20180930105223  7.4960  47.449  249.45  EC01  XX  403  -18.3604  -178.0633  550.00  0.227  0.0683  0.5171  0.4161  0.00639  0.8944  P
20180930105223  7.4871  47.583  250.65  EE02  XX  403  -18.3604  -178.0633  550.00  0.334  0.0683  0.2063  0.7177  0.01162  0.8944  P
20180930105223  7.5565  46.540  252.54  EE04  XX  403  -18.3604  -178.0633  550.00  0.622  0.0683  0.5527  0.5159  0.03104  0.8944  P
20180930105223  7.6285  45.501  250.36  CC07  XX  403  -18.3604  -178.0633  550.00  0.195  0.0683  0.1768  0.8012  0.01172  0.8944  P
20180930105223  7.5891  46.069  249.54  CC04  XX  403  -18.3604  -178.0633  550.00  -0.287  0.0683  0.1139  0.8041  0.00259  0.8944  P
20180930105223  7.6767  44.771  247.71  WW01  XX  403  -18.3604  -178.0633  550.00  -0.314  0.0683  0.2180  0.8703  0.01184  0.8944  P
20180930105223  7.7053  44.360  250.47  WC04  XX  403  -18.3604  -178.0633  550.00  -0.224  0.0683  0.6351  0.5119  0.02089  0.8944  P
20180930105223  7.6024  45.880  249.81  CC05  XX  403  -18.3604  -178.0633  550.00  -0.166  0.0683  0.2522  0.7369  0.01100  0.8944  P
20180930105223  7.6151  45.697  250.09  CC06  XX  403  -18.3604  -178.0633  550.00  -0.134  0.0683  0.1324  0.8644  0.01048  0.8944  P
20180930105223  7.6813  44.707  251.57  CC11  XX  403  -18.3604  -178.0633  550.00  0.156  0.0683  0.0839  0.9301  0.00397  0.8944  P
20180930105223  7.7462  43.757  251.10  WC05  XX  403  -18.3604  -178.0633  550.00  -0.201  0.0683  0.1668  0.9117  0.01235  0.8944  P
20180930105223  7.5401  46.770  248.61  CC01  XX  403  -18.3604  -178.0633  550.00  -0.044  0.0683  0.2296  0.8331  0.00948  0.8944  P
20180930105223  7.7554  43.618  249.73  WW03  XX  403  -18.3604  -178.0633  550.00  0.118  0.0683  0.0858  0.9270  0.00445  0.8944  P
20180930105223  7.7108  44.279  248.76  WW02  XX  403  -18.3604  -178.0633  550.00  -0.281  0.0683  0.2088  0.8983  0.01119  0.8944  P
20180930105223  7.5752  46.272  249.29  CC03  XX  403  -18.3604  -178.0633  550.00  -0.131  0.0683  0.2277  0.7994  0.01572  0.8944  P
20180930105223  7.6404  45.322  250.64  CC08  XX  403  -18.3604  -178.0633  550.00  0.129  0.0683  0.0571  0.9723  0.00318  0.8944  P
20181010204820  5.6261  76.942  265.26  EC01  XX  811  -5.7012  151.2046  39.00  -0.243  0.0237  0.0487  0.7965  0.00479  0.8944  P
20181010204820  5.6286  76.908  266.04  EE04  XX  811  -5.7012  151.2046  39.00  -0.093  0.0237  0.1013  0.8549  0.00938  0.8944  P
20181010204820  5.8255  74.277  265.69  WC03  XX  811  -5.7012  151.2046  39.00  0.130  0.0237  0.1168  0.6454  0.01053  0.8944  P
20181010204820  5.5900  77.433  265.50  EE02  XX  811  -5.7012  151.2046  39.00  0.257  0.0237  0.1069  0.8127  0.00999  0.8944  P
20181010204820  5.6993  75.962  265.88  EC04  XX  811  -5.7012  151.2046  39.00  0.084  0.0237  0.0599  0.7962  0.00630  0.8944  P
20181010204820  5.7835  74.824  265.24  WC01  XX  811  -5.7012  151.2046  39.00  0.250  0.0237  0.0438  0.8501  0.00467  0.8944  P
20181010204820  5.7345  75.501  265.55  CC05  XX  811  -5.7012  151.2046  39.00  -0.385  0.0237  0.0266  0.9175  0.00458  0.8944  P
20181010220034  5.8400  73.731  266.74  WC04  XX  454  -4.9624  151.7231  121.00  -0.138  0.0697  0.3595  0.7330  0.04167  0.6325  P
20181010220034  5.7429  75.041  266.35  CC05  XX  454  -4.9624  151.7231  121.00  -0.300  0.0697  0.4935  0.5982  0.02224  0.6325  P
20181010220034  5.6358  76.472  266.05  EC01  XX  454  -4.9624  151.7231  121.00  -0.015  0.0697  0.1503  0.6907  0.01091  0.6325  P
20181010220034  5.8710  73.302  265.98  WW01  XX  454  -4.9624  151.7231  121.00  0.077  0.0697  0.0449  0.9556  0.01095  0.6325  P
20181010220034  5.7066  75.524  266.69  EC04  XX  454  -4.9624  151.7231  121.00  0.665  0.0697  0.1182  0.7371  0.00892  0.6325  P
20181010220034  5.7650  74.734  266.63  CC08  XX  454  -4.9624  151.7231  121.00  0.159  0.0697  0.0659  0.9431  0.01459  0.6325  P
20181010220034  5.8706  73.308  266.99  WC05  XX  454  -4.9624  151.7231  121.00  -0.409  0.0697  0.3110  0.7331  0.03892  0.6325  P
20181010220034  5.7262  75.265  266.17  CC03  XX  454  -4.9624  151.7231  121.00  -0.248  0.0697  0.1052  0.9115  0.01569  0.6325  P
20181010220034  5.7579  74.829  266.53  CC07  XX  454  -4.9624  151.7231  121.00  0.210  0.0697  0.1229  0.8036  0.01366  0.6325  P
20181013111022  4.9093  84.531  324.16  CC04  XX  512  52.8549  153.2429  461.00  0.289  0.0182  0.0869  0.6530  0.00234  0.6325  P
20181013111022  4.8147  85.744  323.77  EE01  XX  512  52.8549  153.2429  461.00  -0.160  0.0182  0.0851  0.7363  0.00288  0.6325  P
20181013111022  4.8857  84.836  324.47  WC04  XX  512  52.8549  153.2429  461.00  0.139  0.0182  0.0548  0.8376  0.00185  0.6325  P
20181013111022  4.7165  86.976  323.98  EE03  XX  512  52.8549  153.2429  461.00  0.524  0.0182  0.0775  0.8681  0.00222  0.6325  P
20181013111022  4.7191  86.944  324.20  EC05  XX  512  52.8549  153.2429  461.00  -0.299  0.0182  0.0749  0.8410  0.00240  0.6325  P
20181013111022  4.7901  86.057  324.38  CC11  XX  512  52.8549  153.2429  461.00  -0.217  0.0182  0.0628  0.8311  0.00312  0.6325  P
20181013111022  4.6479  87.848  324.02  EE04  XX  512  52.8549  153.2429  461.00  -0.244  0.0182  0.0853  0.8551  0.00248  0.6325  P
20181013111022  4.9208  84.383  324.79  WW04  XX  512  52.8549  153.2429  461.00  -0.293  0.0182  0.0649  0.8571  0.00211  0.6325  P
20181013111022  4.8793  84.918  323.93  EC01  XX  512  52.8549  153.2429  461.00  0.186  0.0182  0.0606  0.8756  0.00253  0.6325  P
20181013111022  5.0138  83.175  324.24  WC01  XX  512  52.8549  153.2429  461.00  0.079  0.0182  0.0353  0.9569  0.00121  0.6325  P
20181013111022  4.9357  84.190  324.42  WC03  XX  512  52.8549  153.2429  461.00  -0.004  0.0182  0.0269  0.9709  0.00175  0.6325  P
20181016002813  6.9056  59.560  247.43  EC01  XX  44  -21.9232  169.4869  12.00  0.221  0.1202  0.8600  0.5899  0.10990  0.4062  P
20181016002813  7.0208  57.983  247.68  CC05  XX  44  -21.9232  169.4869  12.00  0.563  0.1202  0.2576  0.7646  0.02331  0.4062  P
20181016002813  7.0635  57.392  248.21  CC08  XX  44  -21.9232  169.4869  12.00  -0.376  0.1202  0.2461  0.7173  0.00909  0.4062  P
20181016002813  7.1063  56.789  247.61  WC03  XX  44  -21.9232  169.4869  12.00  -0.089  0.1202  0.2321  0.9456  0.01379  0.4062  P
20181016002813  7.1318  56.444  248.11  WC04  XX  44  -21.9232  169.4869  12.00  -0.343  0.1202  0.6510  0.9801  0.12323  0.4062  P
20181016002813  6.9901  58.394  247.34  CC03  XX  44  -21.9232  169.4869  12.00  -0.032  0.1202  0.3411  0.8441  0.02086  0.4062  P
20181016002813  7.0612  57.425  247.24  WC02  XX  44  -21.9232  169.4869  12.00  -0.009  0.1202  0.2272  0.9816  0.01458  0.4062  P
20181016002813  7.0061  58.182  247.50  CC04  XX  44  -21.9232  169.4869  12.00  0.072  0.1202  0.1995  0.9477  0.01748  0.4062  P
20181016002813  7.0345  57.789  247.85  CC06  XX  44  -21.9232  169.4869  12.00  -0.006  0.1202  0.2126  0.9728  0.01501  0.4062  P
20181016010343  6.9085  59.505  247.64  EC01  XX  135  -21.7427  169.5217  17.00  -0.162  0.1682  1.0895  0.6998  0.01407  0.6325  P
20181016010343  6.9507  58.929  248.96  EE03  XX  135  -21.7427  169.5217  17.00  -0.096  0.1682  0.7058  0.5553  0.05234  0.6325  P
20181016010343  6.9930  58.337  247.55  CC03  XX  135  -21.7427  169.5217  17.00  0.133  0.1682  0.5800  0.7910  0.04584  0.6325  P
20181016010343  7.1345  56.390  248.32  WC04  XX  135  -21.7427  169.5217  17.00  -0.101  0.1682  0.3187  0.7144  0.03579  0.6325  P
20181016010343  7.1802  55.765  248.73  WC05  XX  135  -21.7427  169.5217  17.00  0.202  0.1682  0.5239  0.7907  0.05365  0.6325  P
20181016010343  7.0524  57.530  248.23  CC07  XX  135  -21.7427  169.5217  17.00  -0.059  0.1682  0.4839  0.8493  0.04004  0.6325  P
20181016010343  7.1125  56.688  249.01  CC11  XX  135  -21.7427  169.5217  17.00  -0.027  0.1682  0.3236  0.9529  0.05286  0.6325  P
20181016010343  7.0249  57.909  248.83  EC04  XX  135  -21.7427  169.5217  17.00  -0.052  0.1682  0.3400  0.8336  0.04130  0.6325  P
20181016010343  7.0659  57.340  248.41  CC08  XX  135  -21.7427  169.5217  17.00  0.163  0.1682  0.5750  0.7831  0.05337  0.6325  P
20181022061626  7.1349  56.410  4.97  WW04  XX  1053  49.3346  -129.2890  10.00  -0.161  0.0658  0.3938  0.2572  0.00641  0.6325  P
20181022061626  7.1241  56.551  4.10  WC05  XX  1053  49.3346  -129.2890  10.00  -0.268  0.0658  0.3071  0.6040  0.00705  0.6325  P
20181022061626  7.3181  53.873  1.78  EC01  XX  1053  49.3346  -129.2890  10.00  0.171  0.0658  0.2532  0.7690  0.01064  0.6325  P
20181022061626  7.2104  55.360  2.99  CC07  XX  1053  49.3346  -129.2890  10.00  0.002  0.0658  0.4784  0.2513  0.00666  0.6325  P
20181022061626  7.1874  55.684  3.04  CC08  XX  1053  49.3346  -129.2890  10.00  -0.058  0.0658  0.3041  0.5942  0.00850  0.6325  P
20181022061626  7.1798  55.797  3.83  WC04  XX  1053  49.3346  -129.2890  10.00  0.176  0.0658  0.2732  0.6076  0.00981  0.6325  P
20181022061626  7.1100  56.747  3.23  CC11  XX  1053  49.3346  -129.2890  10.00  0.113  0.0658  0.2554  0.7857  0.00915  0.6325  P
20181022061626  7.2940  54.221  3.56  WC02  XX  1053  49.3346  -129.2890  10.00  0.077  0.0658  0.2511  0.7073  0.00879  0.6325  P
20181022061626  7.3754  53.116  4.45  WW01  XX  1053  49.3346  -129.2890  10.00  0.033  0.0658  0.1910  0.9733  0.00937  0.6325  P
20181022061626  7.0900  57.011  2.37  EC05  XX  1053  49.3346  -129.2890  10.00  -0.068  0.0658  0.1796  0.9526  0.01156  0.6325  P
20181022061626  7.3034  54.067  0.88  EE01  XX  1053  49.3346  -129.2890  10.00  -0.084  0.0658  0.1277  0.9403  0.00431  0.6325  P
20181022061626  7.2109  55.354  4.63  WW03  XX  1053  49.3346  -129.2890  10.00  0.138  0.0658  0.1914  0.9406  0.01116  0.6325  P
20181022061626  7.3031  54.075  2.75  CC03  XX  1053  49.3346  -129.2890  10.00  0.004  0.0658  0.1352  0.9399  0.00479  0.6325  P
20181022061626  7.2584  54.714  2.87  CC05  XX  1053  49.3346  -129.2890  10.00  -0.077  0.0658  0.1863  0.9178  0.00561  0.6325  P
20181029065421  5.9390  72.837  148.73  CC05  XX  470  -57.4340  -66.3834  10.00  0.115  0.0846  0.6939  0.7773  0.02504  0.5657  P
20181029065421  5.8726  73.730  148.68  WC02  XX  470  -57.4340  -66.3834  10.00  -0.044  0.0846  0.4662  0.6968  0.03485  0.5657  P
20181029065421  5.9543  72.626  148.37  WC04  XX  470  -57.4340  -66.3834  10.00  -0.247  0.0846  0.1999  0.8816  0.00871  0.5657  P
20181029065421  5.9054  73.282  148.86  CC03  XX  470  -57.4340  -66.3834  10.00  -0.340  0.0846  0.2047  0.8699  0.00883  0.5657  P
20181029065421  6.1056  70.572  148.42  EC05  XX  470  -57.4340  -66.3834  10.00  0.191  0.0846  0.2130  0.8986  0.00922  0.5657  P
20181029065421  5.9216  73.069  148.80  CC04  XX  470  -57.4340  -66.3834  10.00  0.085  0.0846  0.1408  0.8414  0.00694  0.5657  P
20181029065421  5.9279  72.984  148.07  WW04  XX  470  -57.4340  -66.3834  10.00  0.288  0.0846  0.3979  0.9277  0.03952  0.5657  P
20181029065421  5.7578  75.272  148.68  WW01  XX  470  -57.4340  -66.3834  10.00  0.246  0.0846  0.5718  0.9336  0.02409  0.5657  P
20181029065421  5.9420  72.796  149.10  EC01  XX  470  -57.4340  -66.3834  10.00  -0.036  0.0846  0.1514  0.8652  0.00748  0.5657  P
20181029065421  5.9890  72.148  148.53  CC08  XX  470  -57.4340  -66.3834  10.00  -0.107  0.0846  0.1543  0.9334  0.00774  0.5657  P
20181029065421  5.9710  72.382  148.60  CC07  XX  470  -57.4340  -66.3834  10.00  0.089  0.0846  0.1760  0.9501  0.00849  0.5657  P
20181029065421  5.9035  73.307  148.50  WC03  XX  470  -57.4340  -66.3834  10.00  -0.126  0.0846  0.1786  0.9468  0.00857  0.5657  P
20181029065421  6.1669  69.721  148.53  EE04  XX  470  -57.4340  -66.3834  10.00  -0.114  0.0846  0.1817  0.9724  0.00829  0.5657  P
20181030021339  7.0046  57.038  227.61  EC04  XX  600  -39.0570  174.9584  225.48  0.708  0.0247  0.3784  0.7889  0.02139  0.6325  P
20181030021339  7.0420  56.518  227.21  CC09  XX  600  -39.0570  174.9584  225.48  -0.135  0.0247  0.0387  0.9361  0.00167  0.6325  P
20181030021339  6.8799  58.773  227.56  EE02  XX  600  -39.0570  174.9584  225.48  0.344  0.0247  0.0302  0.9319  0.00112  0.6325  P
20181030021339  6.8047  59.838  227.27  EE01  XX  600  -39.0570  174.9584  225.48  -0.181  0.0247  0.0369  0.8553  0.00105  0.6325  P
20181030021339  7.1316  55.254  227.00  WC05  XX  600  -39.0570  174.9584  225.48  -0.321  0.0247  0.0307  0.8623  0.00077  0.6325  P
20181030021339  6.9618  57.636  226.72  CC05  XX  600  -39.0570  174.9584  225.48  -0.003  0.0247  0.0518  0.9356  0.00180  0.6325  P
20181030021339  6.8518  59.182  226.83  EC01  XX  600  -39.0570  174.9584  225.48  0.663  0.0247  0.0498  0.7922  0.00093  0.6325  P
20181030021339  7.0220  56.800  227.09  CC08  XX  600  -39.0570  174.9584  225.48  -0.151  0.0247  0.0415  0.8902  0.00149  0.6325  P
20181030021339  7.0758  56.033  226.77  WC04  XX  600  -39.0570  174.9584  225.48  -0.199  0.0247  0.0365  0.9460  0.00113  0.6325  P
20181030021339  7.0462  56.459  228.00  EC05  XX  600  -39.0570  174.9584  225.48  0.172  0.0247  0.0324  0.9324  0.00093  0.6325  P
20181030021339  6.9422  57.917  226.60  CC04  XX  600  -39.0570  174.9584  225.48  -0.017  0.0247  0.0357  0.9542  0.00157  0.6325  P
20181030021339  7.0058  57.023  228.49  EE04  XX  600  -39.0570  174.9584  225.48  0.229  0.0247  0.0328  0.9384  0.00133  0.6325  P
20181030021339  7.1783  54.609  226.49  WW04  XX  600  -39.0570  174.9584  225.48  -0.454  0.0247  0.3586  0.9351  0.02236  0.6325  P
20181030021339  7.0859  55.875  227.51  CC11  XX  600  -39.0570  174.9584  225.48  0.239  0.0247  0.0353  0.9488  0.00151  0.6325  P
20181030021339  7.1005  55.681  226.17  WW03  XX  600  -39.0570  174.9584  225.48  -0.090  0.0247  0.0484  0.9752  0.00191  0.6325  P
20181030021339  6.9769  57.408  226.18  WC02  XX  600  -39.0570  174.9584  225.48  -0.236  0.0247  0.0201  0.9777  0.00093  0.6325  P
20181030021339  6.9805  57.361  226.84  CC06  XX  600  -39.0570  174.9584  225.48  0.019  0.0247  0.0494  0.9580  0.00205  0.6325  P
20181030021339  7.0019  57.075  226.96  CC07  XX  600  -39.0570  174.9584  225.48  -0.050  0.0247  0.0395  0.9734  0.00164  0.6325  P
20181030021339  7.0341  56.626  226.39  WC03  XX  600  -39.0570  174.9584  225.48  -0.119  0.0247  0.0406  0.9821  0.00172  0.6325  P
20181030021339  6.9709  57.495  225.26  WW01  XX  600  -39.0570  174.9584  225.48  -0.310  0.0247  0.0145  0.9746  0.00090  0.6325  P
20181030021339  6.9357  58.010  225.82  WC01  XX  600  -39.0570  174.9584  225.48  -0.109  0.0247  0.0387  0.9888  0.00172  0.6325  P
20181101221951  6.4610  65.267  108.70  WW03  XX  981  -19.5827  -69.2656  102.00  -0.017  0.0298  0.0468  0.7359  0.00060  0.6325  P
20181101221951  6.7574  61.164  109.54  EE01  XX  981  -19.5827  -69.2656  102.00  -0.100  0.0298  0.0414  0.9303  0.00115  0.6325  P
20181101221951  6.5311  64.313  108.16  WC05  XX  981  -19.5827  -69.2656  102.00  -0.138  0.0298  0.0594  0.8036  0.00188  0.6325  P
20181101221951  6.6759  62.293  108.35  EC04  XX  981  -19.5827  -69.2656  102.00  0.234  0.0298  0.3886  0.8747  0.02899  0.6325  P
20181101221951  6.4495  65.430  108.24  WW04  XX  981  -19.5827  -69.2656  102.00  0.337  0.0298  0.0485  0.9278  0.00166  0.6325  P
20181101221951  6.6118  63.192  108.06  CC11  XX  981  -19.5827  -69.2656  102.00  0.206  0.0298  0.0466  0.9116  0.00167  0.6325  P
20181101221951  6.7478  61.304  108.96  EE02  XX  981  -19.5827  -69.2656  102.00  -0.205  0.0298  0.3804  0.8861  0.02973  0.6325  P
20181101221951  6.5409  64.177  108.51  WC04  XX  981  -19.5827  -69.2656  102.00  -0.555  0.0298  0.0441  0.9270  0.00205  0.6325  P
20181101221951  6.6057  63.276  108.73  CC07  XX  981  -19.5827  -69.2656  102.00  -0.282  0.0298  0.0557  0.8968  0.00237  0.6325  P
20181101221951  6.6049  63.289  108.89  CC06  XX  981  -19.5827  -69.2656  102.00  -0.162  0.0298  0.0529  0.9108  0.00222  0.6325  P
20181101221951  6.6004  63.353  109.36  CC03  XX  981  -19.5827  -69.2656  102.00  -0.033  0.0298  0.0339  0.9473  0.00071  0.6325  P
20181101221951  6.5335  64.279  109.24  WC02  XX  981  -19.5827  -69.2656  102.00  0.273  0.0298  0.0444  0.8830  0.00191  0.6325  P
20181101221951  6.4350  65.642  109.68  WW01  XX  981  -19.5827  -69.2656  102.00  0.331  0.0298  0.0333  0.9569  0.00109  0.6325  P
20181101221951  6.6773  62.274  109.54  EC01  XX  981  -19.5827  -69.2656  102.00  0.024  0.0298  0.0392  0.9811  0.00240  0.6325  P
20181101221951  6.5244  64.404  108.89  WC03  XX  981  -19.5827  -69.2656  102.00  -0.068  0.0298  0.0334  0.9335  0.00082  0.6325  P
20181101221951  6.6922  62.070  107.94  EC05  XX  981  -19.5827  -69.2656  102.00  0.113  0.0298  0.0349  0.9791  0.00222  0.6325  P
20181101221951  6.7722  60.951  107.79  EE04  XX  981  -19.5827  -69.2656  102.00  0.025  0.0298  0.0368  0.9820  0.00209  0.6325  P
20181101221951  6.6028  63.319  109.05  CC05  XX  981  -19.5827  -69.2656  102.00  0.020  0.0298  0.0429  0.9097  0.00121  0.6325  P
20181102110115  4.7005  87.305  318.28  CC03  XX  218  47.8334  146.6972  433.00  -0.058  0.1121  0.5198  0.6499  0.00881  0.5477  P
20181102110115  4.6352  89.157  318.28  EC04  XX  218  47.8334  146.6972  433.00  -0.549  0.1121  0.7270  0.6703  0.01017  0.5477  P
20181102110115  4.6561  87.873  318.60  WC05  XX  218  47.8334  146.6972  433.00  0.050  0.1121  0.4215  0.7427  0.00829  0.5477  P
20181102110115  4.6374  88.887  318.03  EE01  XX  218  47.8334  146.6972  433.00  -0.043  0.1121  0.6106  0.4311  0.01149  0.5477  P
20181102110115  4.6881  87.469  318.30  CC04  XX  218  47.8334  146.6972  433.00  -0.033  0.1121  0.8591  0.3442  0.00503  0.5477  P
20181102110115  4.6287  89.748  318.29  EC05  XX  218  47.8334  146.6972  433.00  -0.324  0.1121  0.6057  0.4466  0.00626  0.5477  P
20181102110115  4.6137  90.715  318.14  EE04  XX  218  47.8334  146.6972  433.00  -0.202  0.1121  0.5978  0.7422  0.00917  0.5477  P
20181102110115  4.6264  89.922  318.13  EE03  XX  218  47.8334  146.6972  433.00  0.399  0.1121  0.5634  0.8670  0.01053  0.5477  P
20181102110115  4.6404  88.205  318.38  CC08  XX  218  47.8334  146.6972  433.00  0.357  0.1121  0.3333  0.8175  0.00961  0.5477  P
20181102110115  4.7615  86.548  318.65  WW03  XX  218  47.8334  146.6972  433.00  0.343  0.1121  0.7713  0.3114  0.00993  0.5477  P
20181102110115  4.8730  85.134  318.49  WW01  XX  218  47.8334  146.6972  433.00  -0.032  0.1121  0.2867  0.8591  0.00534  0.5477  P
20181102110115  4.6380  88.795  318.44  CC11  XX  218  47.8334  146.6972  433.00  0.039  0.1121  0.7535  0.3294  0.00854  0.5477  P
20181102110115  4.7257  86.991  318.49  WC03  XX  218  47.8334  146.6972  433.00  0.179  0.1121  0.5657  0.5860  0.00682  0.5477  P
20181102110115  4.6337  89.310  318.09  EE02  XX  218  47.8334  146.6972  433.00  0.010  0.1121  0.2619  0.9776  0.00561  0.5477  P
20181102110115  4.6587  87.841  318.34  CC06  XX  218  47.8334  146.6972  433.00  -0.158  0.1121  0.3847  0.6028  0.00460  0.5477  P
20181102110115  4.6468  87.989  318.14  EC01  XX  218  47.8334  146.6972  433.00  0.122  0.1121  0.3392  0.9053  0.00817  0.5477  P
20181102110115  4.7964  86.110  318.37  WC01  XX  218  47.8334  146.6972  433.00  -0.139  0.1121  0.4040  0.8240  0.00730  0.5477  P
20181102110115  4.6736  87.654  318.32  CC05  XX  218  47.8334  146.6972  433.00  0.050  0.1121  0.3327  0.7426  0.00730  0.5477  P
20181102110115  4.6794  87.581  318.52  WC04  XX  218  47.8334  146.6972  433.00  0.005  0.1121  0.4226  0.9410  0.00823  0.5477  P
20181102110115  4.7493  86.699  318.41  WC02  XX  218  47.8334  146.6972  433.00  -0.015  0.1121  0.2813  0.9131  0.00703  0.5477  P
20181110083321  8.0089  44.175  245.44  EC01  XX  1161  -20.4538  -174.0081  35.00  0.289  0.1707  0.7327  0.8136  0.04599  0.6325  P
20181110083321  8.1239  42.522  247.40  EC04  XX  1161  -20.4538  -174.0081  35.00  0.618  0.1707  0.6049  0.8564  0.07490  0.6325  P
20181110083321  8.3282  39.475  246.32  WW04  XX  1161  -20.4538  -174.0081  35.00  -0.398  0.1707  0.2695  0.9493  0.04418  0.6325  P
20181110083321  8.2708  40.358  245.40  WW03  XX  1161  -20.4538  -174.0081  35.00  0.024  0.1707  0.5850  0.8940  0.07128  0.6325  P
20181110083321  8.1330  42.389  246.00  CC06  XX  1161  -20.4538  -174.0081  35.00  -0.165  0.1707  0.3500  0.9573  0.04322  0.6325  P
20181110083321  8.0527  43.531  247.75  EE03  XX  1161  -20.4538  -174.0081  35.00  -0.268  0.1707  0.7813  0.9539  0.04745  0.6325  P
20181110083321  8.2251  41.037  246.31  WC04  XX  1161  -20.4538  -174.0081  35.00  -0.100  0.1707  0.3371  0.9705  0.04294  0.6325  P
20181111140359  5.0606  84.403  73.91  CC03  XX  168  15.5653  -49.8719  10.00  -0.171  0.0269  0.1421  0.5994  0.00888  0.5477  P
20181111140359  5.2314  82.213  73.63  EE01  XX  168  15.5653  -49.8719  10.00  0.171  0.0269  0.0772  0.8885  0.00618  0.5477  P
20181111140359  4.9920  85.260  73.82  CC08  XX  168  15.5653  -49.8719  10.00  -0.194  0.0269  0.0725  0.8724  0.00662  0.5477  P
20181111140359  5.0197  84.918  73.85  CC06  XX  168  15.5653  -49.8719  10.00  0.414  0.0269  0.0717  0.8882  0.00416  0.5477  P
20181111140359  5.0053  85.097  73.84  CC07  XX  168  15.5653  -49.8719  10.00  -0.120  0.0269  0.0556  0.9301  0.00507  0.5477  P
20181111140359  4.9805  85.401  74.01  WC02  XX  168  15.5653  -49.8719  10.00  0.270  0.0269  0.1206  0.8968  0.01135  0.5477  P
20181111140359  5.0463  84.585  73.89  CC04  XX  168  15.5653  -49.8719  10.00  -0.259  0.0269  0.0879  0.8947  0.00848  0.5477  P
20181111140359  5.1259  83.570  73.49  EE03  XX  168  15.5653  -49.8719  10.00  -0.111  0.0269  0.0581  0.9297  0.00420  0.5477  P
20181114212150  5.3943  79.978  328.75  WC02  XX  634  55.6414  161.9943  49.00  0.153  0.1113  0.4775  0.5620  0.03536  0.6325  P
20181114212150  5.2156  82.294  328.19  EE02  XX  634  55.6414  161.9943  49.00  -0.580  0.1113  0.4670  0.4483  0.03385  0.6325  P
20181114212150  5.3436  80.640  328.56  CC04  XX  634  55.6414  161.9943  49.00  0.427  0.1113  0.4118  0.5138  0.03928  0.6325  P
20181114212150  5.3348  80.757  329.41  WW04  XX  634  55.6414  161.9943  49.00  -0.221  0.1113  0.2993  0.8069  0.04065  0.6325  P
20181114212150  5.2624  81.693  328.01  EE01  XX  634  55.6414  161.9943  49.00  0.310  0.1113  0.1972  0.7818  0.02078  0.6325  P
20181114212150  5.3612  80.404  328.91  WC03  XX  634  55.6414  161.9943  49.00  -0.135  0.1113  0.2695  0.9406  0.03292  0.6325  P
20181114212150  5.3221  80.926  328.22  EC01  XX  634  55.6414  161.9943  49.00  0.039  0.1113  0.1521  0.8933  0.01728  0.6325  P
20181114212150  5.2729  81.560  328.74  CC08  XX  634  55.6414  161.9943  49.00  0.007  0.1113  0.5229  0.4009  0.03050  0.6325  P
20181118202546  7.5972  46.060  251.48  CC08  XX  999  -17.8735  -178.9273  540.00  -0.211  0.0694  0.3171  0.5279  0.00626  0.6325  P
20181118202546  7.4532  48.171  250.29  EC01  XX  999  -17.8735  -178.9273  540.00  0.439  0.0694  0.6798  0.7576  0.01487  0.6325  P
20181118202546  7.5717  46.427  250.94  CC06  XX  999  -17.8735  -178.9273  540.00  0.212  0.0694  0.3527  0.7489  0.01885  0.6325  P
20181118202546  7.5330  46.990  250.15  CC03  XX  999  -17.8735  -178.9273  540.00  0.084  0.0694  0.4088  0.7447  0.02496  0.6325  P
20181118202546  7.5742  46.391  252.86  EC05  XX  999  -17.8735  -178.9273  540.00  0.040  0.0694  0.1464  0.8308  0.00548  0.6325  P
20181118202546  7.6614  45.094  251.33  WC04  XX  999  -17.8735  -178.9273  540.00  0.024  0.0694  0.5096  0.5333  0.01539  0.6325  P
20181118202546  7.6423  45.399  250.57  WC03  XX  999  -17.8735  -178.9273  540.00  -0.080  0.0694  0.4478  0.8225  0.02801  0.6325  P
20181118202546  7.4425  48.325  251.46  EE02  XX  999  -17.8735  -178.9273  540.00  0.456  0.0694  0.1214  0.6813  0.00479  0.6325  P
20181118202546  7.6009  46.007  249.99  WC02  XX  999  -17.8735  -178.9273  540.00  -0.376  0.0694  0.1103  0.8832  0.00554  0.6325  P
20181118202546  7.7033  44.500  251.95  WC05  XX  999  -17.8735  -178.9273  540.00  -0.087  0.0694  0.0955  0.9032  0.00492  0.6325  P
20181118202546  7.6385  45.458  252.40  CC11  XX  999  -17.8735  -178.9273  540.00  0.080  0.0694  0.1178  0.8791  0.00604  0.6325  P
20181118202546  7.6383  45.462  248.64  WW01  XX  999  -17.8735  -178.9273  540.00  -0.233  0.0694  0.1077  0.8756  0.00452  0.6325  P
20181118202546  7.5592  46.606  250.67  CC05  XX  999  -17.8735  -178.9273  540.00  -0.042  0.0694  0.1029  0.9092  0.00529  0.6325  P
20181118202546  7.5783  46.332  249.26  WC01  XX  999  -17.8735  -178.9273  540.00  -0.049  0.0694  0.1130  0.8875  0.00550  0.6325  P
20181118202546  7.7683  43.526  251.51  WW04  XX  999  -17.8735  -178.9273  540.00  -0.401  0.0694  0.1147  0.7643  0.00422  0.6325  P
20181118202546  7.7139  44.340  250.63  WW03  XX  999  -17.8735  -178.9273  540.00  0.143  0.0694  0.0969  0.9454  0.00503  0.6325  P
20181130172929  6.2033  69.092  352.66  WW04  XX  513  61.3464  -149.9552  46.70  -0.485  0.0259  0.0161  0.9424  0.00187  0.8944  P
20181130172929  6.1115  70.358  351.09  EC05  XX  513  61.3464  -149.9552  46.70  -0.366  0.0259  0.0177  0.9191  0.00139  0.8944  P
20181130172929  6.1463  69.882  351.60  CC11  XX  513  61.3464  -149.9552  46.70  -0.119  0.0259  0.0265  0.9052  0.00192  0.8944  P
20181130172929  6.1758  69.465  352.13  WC05  XX  513  61.3464  -149.9552  46.70  0.015  0.0259  0.0270  0.9018  0.00149  0.8944  P
20181130172929  6.1695  69.550  351.02  EC04  XX  513  61.3464  -149.9552  46.70  0.425  0.0259  0.4175  0.9158  0.02589  0.8944  P
20181130172929  6.2289  68.747  350.27  EE02  XX  513  61.3464  -149.9552  46.70  -0.288  0.0259  0.0307  0.8696  0.00193  0.8944  P
20181130172929  6.2955  67.826  349.96  EE01  XX  513  61.3464  -149.9552  46.70  -0.340  0.0259  0.0165  0.9626  0.00156  0.8944  P
20181130172929  6.3912  66.511  351.52  WC01  XX  513  61.3464  -149.9552  46.70  0.030  0.0259  0.0215  0.9147  0.00157  0.8944  P
20181130172929  6.0727  70.869  350.59  EE04  XX  513  61.3464  -149.9552  46.70  -0.768  0.0259  0.4218  0.8962  0.02264  0.8944  P
20181130172929  6.2717  68.151  352.36  WW03  XX  513  61.3464  -149.9552  46.70  -0.060  0.0259  0.0276  0.9361  0.00188  0.8944  P
20181130172929  6.3284  67.383  351.08  CC03  XX  513  61.3464  -149.9552  46.70  -0.066  0.0259  0.0180  0.9577  0.00171  0.8944  P
20181130172929  6.2253  68.796  351.90  WC04  XX  513  61.3464  -149.9552  46.70  0.098  0.0259  0.0201  0.9637  0.00183  0.8944  P
20181130172929  6.3070  67.674  351.15  CC04  XX  513  61.3464  -149.9552  46.70  0.007  0.0259  0.0162  0.9673  0.00149  0.8944  P
20181130172929  6.2408  68.583  351.34  CC07  XX  513  61.3464  -149.9552  46.70  0.329  0.0259  0.0240  0.9801  0.00089  0.8944  P
20181130172929  6.4281  66.006  352.04  WW01  XX  513  61.3464  -149.9552  46.70  0.253  0.0259  0.0127  0.9870  0.00087  0.8944  P
20181130172929  6.3330  67.320  351.59  WC02  XX  513  61.3464  -149.9552  46.70  0.155  0.0259  0.0158  0.9787  0.00186  0.8944  P
20181130172929  6.1544  69.764  350.48  EE03  XX  513  61.3464  -149.9552  46.70  0.284  0.0259  0.0182  0.9844  0.00093  0.8944  P
20181130172929  6.2834  67.987  351.83  WC03  XX  513  61.3464  -149.9552  46.70  0.308  0.0259  0.0214  0.9852  0.00105  0.8944  P
20181130172929  6.2183  68.889  351.40  CC08  XX  513  61.3464  -149.9552  46.70  0.344  0.0259  0.0284  0.9897  0.00091  0.8944  P
20181130172929  6.3255  67.423  350.48  EC01  XX  513  61.3464  -149.9552  46.70  0.075  0.0259  0.0169  0.9900  0.00178  0.8944  P
20181130172929  6.2839  67.979  351.22  CC05  XX  513  61.3464  -149.9552  46.70  0.035  0.0259  0.0164  0.9776  0.00182  0.8944  P
20181130172929  6.2618  68.283  351.27  CC06  XX  513  61.3464  -149.9552  46.70  0.135  0.0259  0.0158  0.9824  0.00186  0.8944  P
20181219013740  8.1288  42.566  141.15  CC03  XX  257  -36.1378  -101.0723  10.00  -0.452  0.1449  0.2661  0.8589  0.01056  0.8944  P
20181219013740  8.1660  41.996  140.29  CC06  XX  257  -36.1378  -101.0723  10.00  0.185  0.1449  0.5032  0.6442  0.01583  0.8944  P
20181219013740  8.1703  41.936  138.12  WC05  XX  257  -36.1378  -101.0723  10.00  -0.488  0.1449  0.6380  0.4323  0.02160  0.8944  P
20181219013740  8.3612  39.113  139.82  EE04  XX  257  -36.1378  -101.0723  10.00  0.364  0.1449  0.5105  0.4067  0.01852  0.8944  P
20181219013740  8.2289  41.100  142.93  EE01  XX  257  -36.1378  -101.0723  10.00  -0.032  0.1449  0.5402  0.8933  0.01594  0.8944  P
20181219013740  8.1698  41.943  142.19  EC01  XX  257  -36.1378  -101.0723  10.00  0.279  0.1449  0.3819  0.6590  0.01073  0.8944  P
20181219013740  8.1111  42.825  139.54  WC03  XX  257  -36.1378  -101.0723  10.00  -0.288  0.1449  0.5735  0.5947  0.01735  0.8944  P
20181219013740  7.9798  44.702  140.36  WW01  XX  257  -36.1378  -101.0723  10.00  0.236  0.1449  0.9444  0.7684  0.01250  0.8944  P
20181219013740  8.1929  41.616  139.70  CC08  XX  257  -36.1378  -101.0723  10.00  -0.354  0.1449  0.5733  0.6960  0.02169  0.8944  P
20181219013740  8.1792  41.812  139.99  CC07  XX  257  -36.1378  -101.0723  10.00  -0.439  0.1449  0.3205  0.7551  0.01034  0.8944  P
20181219013740  8.2349  41.013  138.70  CC11  XX  257  -36.1378  -101.0723  10.00  0.394  0.1449  0.4631  0.7749  0.01480  0.8944  P
20181219013740  8.1409  42.388  140.86  CC04  XX  257  -36.1378  -101.0723  10.00  0.403  0.1449  0.4276  0.8765  0.01208  0.8944  P
20181219013740  8.0892  43.137  140.33  WC02  XX  257  -36.1378  -101.0723  10.00  -0.218  0.1449  0.8336  0.4204  0.01038  0.8944  P
20181219013740  8.2627  40.599  141.79  EE02  XX  257  -36.1378  -101.0723  10.00  0.411  0.1449  0.8295  0.1855  0.01758  0.8944  P
20181220170155  5.3486  80.682  329.09  CC11  XX  979  55.0999  164.6993  16.56  -0.109  0.0127  0.1117  0.7712  0.00162  0.8944  P
20181220170155  5.2188  82.358  328.57  EE04  XX  979  55.0999  164.6993  16.56  -0.436  0.0127  0.0308  0.8722  0.00055  0.8944  P
20181220170155  5.3378  80.824  328.75  EC04  XX  979  55.0999  164.6993  16.56  0.435  0.0127  0.0746  0.7472  0.00086  0.8944  P
20181220170155  5.4087  79.895  329.37  WC05  XX  979  55.0999  164.6993  16.56  -0.064  0.0127  0.0754  0.8359  0.00234  0.8944  P
20181220170155  5.6416  76.810  329.06  WW01  XX  979  55.0999  164.6993  16.56  0.050  0.0127  0.0879  0.7825  0.00125  0.8944  P
20181220170155  5.4059  79.934  328.92  CC08  XX  979  55.0999  164.6993  16.56  0.311  0.0127  0.0389  0.8587  0.00053  0.8944  P
20181220170155  5.3501  80.662  328.31  EE02  XX  979  55.0999  164.6993  16.56  -0.311  0.0127  0.0359  0.9049  0.00055  0.8944  P
20181220170155  5.4232  79.699  328.87  CC07  XX  979  55.0999  164.6993  16.56  0.218  0.0127  0.0414  0.8693  0.00053  0.8944  P
20181220170155  5.5258  78.351  328.92  WC02  XX  979  55.0999  164.6993  16.56  0.125  0.0127  0.0753  0.8209  0.00112  0.8944  P
20181220170155  5.4414  79.465  329.19  WC04  XX  979  55.0999  164.6993  16.56  0.156  0.0127  0.0393  0.8703  0.00052  0.8944  P
20181220170155  5.5123  78.523  329.41  WW03  XX  979  55.0999  164.6993  16.56  -0.173  0.0127  0.0615  0.8944  0.00112  0.8944  P
20181220170155  5.4406  79.475  328.81  CC06  XX  979  55.0999  164.6993  16.56  0.081  0.0127  0.0188  0.8745  0.00031  0.8944  P
20181220170155  5.5782  77.666  328.82  WC01  XX  979  55.0999  164.6993  16.56  -0.082  0.0127  0.0440  0.9277  0.00076  0.8944  P
20181220170155  5.4933  78.779  329.10  WC03  XX  979  55.0999  164.6993  16.56  0.055  0.0127  0.0367  0.9364  0.00046  0.8944  P
20181220170155  5.4662  79.139  329.66  WW04  XX  979  55.0999  164.6993  16.56  -0.272  0.0127  0.0476  0.8961  0.00084  0.8944  P
20181220170155  5.3964  80.059  328.10  EE01  XX  979  55.0999  164.6993  16.56  -0.229  0.0127  0.0614  0.8574  0.00067  0.8944  P
20181220170155  5.4546  79.293  328.34  EC01  XX  979  55.0999  164.6993  16.56  0.207  0.0127  0.0337  0.9427  0.00059  0.8944  P
20181220170155  5.4754  79.011  328.71  CC04  XX  979  55.0999  164.6993  16.56  -0.005  0.0127  0.0599  0.8600  0.00093  0.8944  P
20181220170155  5.4584  79.243  328.76  CC05  XX  979  55.0999  164.6993  16.56  0.043  0.0127  0.0543  0.8876  0.00075  0.8944  P
20181223230843  7.9515  44.477  248.27  EE03  XX  1149  -20.2855  -175.0710  113.00  -0.480  0.1394  0.6079  0.7804  0.01054  1.0000  P
20181223230843  8.0185  43.517  246.31  CC05  XX  1149  -20.2855  -175.0710  113.00  0.321  0.1394  0.7738  0.2554  0.01024  1.0000  P
20181223230843  8.2318  40.404  246.94  WW04  XX  1149  -20.2855  -175.0710  113.00  -0.120  0.1394  0.5841  0.7975  0.00712  1.0000  P
20181223230843  7.8427  46.017  246.56  EE01  XX  1149  -20.2855  -175.0710  113.00  0.358  0.1394  0.5901  0.6335  0.01253  1.0000  P
20181223230843  8.0551  42.981  245.50  WC02  XX  1149  -20.2855  -175.0710  113.00  -0.178  0.1394  0.6061  0.6767  0.01249  1.0000  P
20181223230843  8.0462  43.105  246.88  CC07  XX  1149  -20.2855  -175.0710  113.00  -0.269  0.1394  0.4687  0.6176  0.01011  1.0000  P
20181223230843  7.9057  45.099  246.02  EC01  XX  1149  -20.2855  -175.0710  113.00  0.268  0.1394  0.4815  0.8199  0.01098  1.0000  P
20181223230843  8.1711  41.279  246.04  WW03  XX  1149  -20.2855  -175.0710  113.00  0.103  0.1394  0.5004  0.7436  0.01218  1.0000  P
20181223230843  8.0600  42.909  247.17  CC08  XX  1149  -20.2855  -175.0710  113.00  0.029  0.1394  0.5148  0.9043  0.01295  1.0000  P
20181223230843  8.1674  41.330  247.54  WC05  XX  1149  -20.2855  -175.0710  113.00  -0.091  0.1394  0.4783  0.6286  0.01133  1.0000  P
20181223230843  8.1259  41.967  246.91  WC04  XX  1149  -20.2855  -175.0710  113.00  -0.056  0.1394  0.7384  0.4943  0.00872  1.0000  P
20181223230843  7.9017  45.152  247.34  EE02  XX  1149  -20.2855  -175.0710  113.00  -0.134  0.1394  0.7837  0.3388  0.00930  1.0000  P
20181223230843  8.0048  43.722  246.03  CC04  XX  1149  -20.2855  -175.0710  113.00  0.125  0.1394  0.6734  0.5106  0.01047  1.0000  P
20181223230843  8.1072  42.242  248.14  CC11  XX  1149  -20.2855  -175.0710  113.00  0.174  0.1394  0.4254  0.7347  0.01326  1.0000  P
20181223230843  8.0307  43.317  246.59  CC06  XX  1149  -20.2855  -175.0710  113.00  -0.050  0.1394  0.3983  0.8000  0.00992  1.0000  P
20190105192538  6.7290  58.458  96.49  EE01  XX  332  -8.1440  -71.5870  570.41  0.061  0.0127  0.0807  0.6972  0.00507  0.6325  P
20190105192538  6.5663  60.815  96.40  CC04  XX  332  -8.1440  -71.5870  570.41  -0.210  0.0127  0.0264  0.8769  0.00232  0.6325  P
20190105192538  6.7018  58.851  95.88  EE02  XX  332  -8.1440  -71.5870  570.41  -0.138  0.0127  0.0302  0.8632  0.00128  0.6325  P
20190105192538  6.6518  59.576  96.63  EC01  XX  332  -8.1440  -71.5870  570.41  0.070  0.0127  0.0318  0.8793  0.00146  0.6325  P
20190105192538  6.3865  63.430  95.58  WW04  XX  332  -8.1440  -71.5870  570.41  -0.214  0.0127  0.0788  0.8350  0.00518  0.6325  P
20190105192538  6.4821  62.047  96.17  WC03  XX  332  -8.1440  -71.5870  570.41  0.157  0.0127  0.0362  0.9072  0.00260  0.6325  P
20190105192538  6.5601  60.905  96.05  CC06  XX  332  -8.1440  -71.5870  570.41  0.023  0.0127  0.0323  0.9515  0.00302  0.6325  P
20190105192538  6.5631  60.861  96.22  CC05  XX  332  -8.1440  -71.5870  570.41  0.015  0.0127  0.0224  0.9788  0.00206  0.6325  P
20190105192538  6.6904  59.010  94.58  EE04  XX  332  -8.1440  -71.5870  570.41  0.236  0.0127  0.0144  0.9680  0.00245  0.6325  P
20190115180634  6.8046  60.871  259.32  EE04  XX  367  -13.3360  166.8752  35.00  0.025  0.0117  0.0619  0.8213  0.00433  0.8944  P
20190115180634  6.9482  58.892  259.01  CC11  XX  367  -13.3360  166.8752  35.00  0.022  0.0117  0.0589  0.7992  0.00461  0.8944  P
20190115180634  6.7691  61.342  257.46  EC01  XX  367  -13.3360  166.8752  35.00  -0.297  0.0117  0.0395  0.7594  0.00171  0.8944  P
20190115180634  6.9834  58.392  258.41  WC04  XX  367  -13.3360  166.8752  35.00  0.050  0.0117  0.0174  0.9696  0.00214  0.8944  P
20190115180634  6.8611  60.082  258.70  EC04  XX  367  -13.3360  166.8752  35.00  -0.154  0.0117  0.0201  0.9745  0.00162  0.8944  P
20190115180634  6.8683  59.973  257.67  CC04  XX  367  -13.3360  166.8752  35.00  0.200  0.0117  0.0363  0.9466  0.00371  0.8944  P
20190115180634  6.9124  59.383  258.39  CC08  XX  367  -13.3360  166.8752  35.00  0.228  0.0117  0.0326  0.9539  0.00197  0.8944  P
20190115180634  6.7471  61.659  258.13  EE02  XX  367  -13.3360  166.8752  35.00  -0.073  0.0117  0.0186  0.9725  0.00178  0.8944  P
20190201161412  7.9491  44.818  62.90  CC05  XX  1059  14.6802  -92.4527  66.00  0.292  0.1159  0.1785  0.6071  0.01397  0.5916  P
20190201161412  7.8491  46.232  61.47  CC11  XX  1059  14.6802  -92.4527  66.00  -0.372  0.1159  0.3127  0.7801  0.02426  0.5916  P
20190201161412  7.9163  45.264  62.44  CC07  XX  1059  14.6802  -92.4527  66.00  0.290  0.1159  0.4684  0.8641  0.03686  0.5916  P
20190201161412  8.0596  43.229  62.85  EC01  XX  1059  14.6802  -92.4527  66.00  -0.341  0.1159  1.0470  0.7449  0.01387  0.5916  P
20190201161412  7.8374  46.392  62.71  WC04  XX  1059  14.6802  -92.4527  66.00  0.120  0.1159  0.2015  0.8033  0.02344  0.5916  P
20190201161412  7.9416  44.921  64.55  WC01  XX  1059  14.6802  -92.4527  66.00  0.039  0.1159  0.4811  0.8934  0.04380  0.5916  P
20190201161412  7.8670  45.985  63.40  WC03  XX  1059  14.6802  -92.4527  66.00  0.005  0.1159  0.4693  0.8631  0.04135  0.5916  P
20190201161412  7.9580  44.694  59.57  EE04  XX  1059  14.6802  -92.4527  66.00  -0.116  0.1159  0.2379  0.8684  0.02330  0.5916  P
20190201161412  7.9000  45.480  62.20  CC08  XX  1059  14.6802  -92.4527  66.00  -0.063  0.1159  0.2107  0.9681  0.02518  0.5916  P
20190201161412  7.9334  45.034  62.66  CC06  XX  1059  14.6802  -92.4527  66.00  0.138  0.1159  0.1910  0.9364  0.02247  0.5916  P
20190201161412  7.9350  45.012  61.24  EC04  XX  1059  14.6802  -92.4527  66.00  0.067  0.1159  0.4879  0.8931  0.04407  0.5916  P
20190201161412  7.7907  47.030  63.67  WW03  XX  1059  14.6802  -92.4527  66.00  -0.061  0.1159  0.2265  0.9726  0.02541  0.5916  P
20190217143555  5.6704  74.857  267.95  CC04  XX  581  -3.3412  152.1319  368.12  0.103  0.0062  0.0232  0.8625  0.00046  0.8944  P
20190217143555  5.5746  76.173  267.73  EC01  XX  581  -3.3412  152.1319  368.12  0.617  0.0062  0.0406  0.5801  0.00055  0.8944  P
20190217143555  5.5338  76.719  267.98  EE02  XX  581  -3.3412  152.1319  368.12  0.635  0.0062  0.0405  0.6468  0.00066  0.8944  P
20190217143555  5.8782  71.984  268.77  WW04  XX  581  -3.3412  152.1319  368.12  -0.308  0.0062  0.0108  0.9502  0.00030  0.8944  P
20190217143555  5.6772  74.763  268.04  CC05  XX  581  -3.3412  152.1319  368.12  -0.041  0.0062  0.0157  0.7964  0.00048  0.8944  P
20190217143555  5.5660  76.290  268.55  EE04  XX  581  -3.3412  152.1319  368.12  0.552  0.0062  0.0401  0.6444  0.00059  0.8944  P
20190217143555  5.7364  73.953  267.96  WC02  XX  581  -3.3412  152.1319  368.12  -0.438  0.0062  0.0306  0.9007  0.00080  0.8944  P
20190217143555  5.6904  74.570  268.23  CC07  XX  581  -3.3412  152.1319  368.12  0.023  0.0062  0.0279  0.9227  0.00067  0.8944  P
20190217143555  5.8406  72.521  268.39  WW03  XX  581  -3.3412  152.1319  368.12  -0.382  0.0062  0.0206  0.9304  0.00103  0.8944  P
20190217143555  5.6835  74.674  268.14  CC06  XX  581  -3.3412  152.1319  368.12  -0.053  0.0062  0.0129  0.9703  0.00041  0.8944  P
20190217143555  5.4934  77.264  267.70  EE01  XX  581  -3.3412  152.1319  368.12  0.184  0.0062  0.0308  0.8225  0.00062  0.8944  P
20190217143555  5.6969  74.484  268.33  CC08  XX  581  -3.3412  152.1319  368.12  0.055  0.0062  0.0154  0.9693  0.00038  0.8944  P
20190217143555  5.7654  73.545  268.20  WC03  XX  581  -3.3412  152.1319  368.12  -0.406  0.0062  0.0208  0.9037  0.00050  0.8944  P
20190217143555  5.7991  73.079  268.71  WC05  XX  581  -3.3412  152.1319  368.12  -0.227  0.0062  0.0313  0.9581  0.00068  0.8944  P
20190217143555  5.7700  73.482  268.45  WC04  XX  581  -3.3412  152.1319  368.12  -0.406  0.0062  0.0180  0.9414  0.00045  0.8944  P
20190217143555  5.7208  74.165  268.66  CC11  XX  581  -3.3412  152.1319  368.12  0.092  0.0062  0.0192  0.9517  0.00038  0.8944  P
20190222101723  7.2470  54.141  87.60  EE03  XX  1115  -2.1862  -77.0505  145.00  0.338  0.0486  0.4097  0.7500  0.03246  1.0000  P
20190222101723  7.0083  57.459  87.96  WC05  XX  1115  -2.1862  -77.0505  145.00  -0.301  0.0486  0.5763  0.7312  0.01860  1.0000  P
20190222101723  7.2374  54.272  86.80  EE04  XX  1115  -2.1862  -77.0505  145.00  0.055  0.0486  0.3829  0.8606  0.03069  1.0000  P
20190222101723  7.0841  56.378  87.62  CC11  XX  1115  -2.1862  -77.0505  145.00  -0.256  0.0486  0.0664  0.9093  0.00481  1.0000  P
20190222101723  7.0419  56.993  88.91  WC03  XX  1115  -2.1862  -77.0505  145.00  0.185  0.0486  0.0655  0.9337  0.00529  1.0000  P
20190222101723  7.3062  53.286  89.04  EE01  XX  1115  -2.1862  -77.0505  145.00  0.188  0.0486  0.0642  0.9345  0.00516  1.0000  P
20190222101723  7.1352  55.689  89.11  CC04  XX  1115  -2.1862  -77.0505  145.00  -0.158  0.0486  0.0802  0.9001  0.00454  1.0000  P
20190222101723  7.0376  57.052  88.38  WC04  XX  1115  -2.1862  -77.0505  145.00  -0.161  0.0486  0.0757  0.8966  0.00411  1.0000  P
20190222101723  7.0700  56.598  89.34  WC02  XX  1115  -2.1862  -77.0505  145.00  0.159  0.0486  0.0678  0.9249  0.00527  1.0000  P
20190222101723  7.1088  56.050  88.28  CC08  XX  1115  -2.1862  -77.0505  145.00  -0.147  0.0486  0.0461  0.9449  0.00376  1.0000  P
20190222101723  7.1285  55.778  88.90  CC05  XX  1115  -2.1862  -77.0505  145.00  -0.084  0.0486  0.0638  0.9549  0.00472  1.0000  P
20190222101723  7.1151  55.965  88.49  CC07  XX  1115  -2.1862  -77.0505  145.00  0.008  0.0486  0.0597  0.9315  0.00400  1.0000  P
20190222101723  6.9300  58.552  88.27  WW04  XX  1115  -2.1862  -77.0505  145.00  0.085  0.0486  0.0490  0.9847  0.00432  1.0000  P
20190222101723  7.2704  53.815  88.35  EE02  XX  1115  -2.1862  -77.0505  145.00  0.037  0.0486  0.0530  0.9681  0.00404  1.0000  P
20190222101723  6.9678  58.015  88.83  WW03  XX  1115  -2.1862  -77.0505  145.00  0.015  0.0486  0.0568  0.9729  0.00452  1.0000  P
20190222101723  7.1223  55.863  88.69  CC06  XX  1115  -2.1862  -77.0505  145.00  0.039  0.0486  0.0569  0.9780  0.00442  1.0000  P
20190301085042  6.5303  63.444  102.77  WC05  XX  854  -14.7131  -70.1546  267.00  -0.156  0.0788  0.3722  0.7319  0.03018  0.8944  P
20190301085042  6.6156  62.247  103.82  CC04  XX  854  -14.7131  -70.1546  267.00  -0.006  0.0788  0.4338  0.7445  0.01761  0.8944  P
20190301085042  6.7758  59.977  104.06  EE01  XX  854  -14.7131  -70.1546  267.00  -0.137  0.0788  0.3224  0.7138  0.02161  0.8944  P
20190301085042  6.4493  64.569  102.90  WW04  XX  854  -14.7131  -70.1546  267.00  0.045  0.0788  0.6316  0.7776  0.01666  0.8944  P
20190301085042  6.7680  60.087  102.23  EE04  XX  854  -14.7131  -70.1546  267.00  0.425  0.0788  0.1210  0.9180  0.01041  0.8944  P
20190301085042  6.4684  64.301  103.37  WW03  XX  854  -14.7131  -70.1546  267.00  0.004  0.0788  0.1334  0.8658  0.01135  0.8944  P
20190301085042  6.6138  62.271  103.16  CC08  XX  854  -14.7131  -70.1546  267.00  -0.298  0.0788  0.4083  0.8019  0.03676  0.8944  P
20190301085042  6.6153  62.251  103.65  CC05  XX  854  -14.7131  -70.1546  267.00  0.042  0.0788  0.0994  0.9266  0.01011  0.8944  P
20190301085042  6.6139  62.270  103.32  CC07  XX  854  -14.7131  -70.1546  267.00  -0.190  0.0788  0.1273  0.9508  0.01073  0.8944  P
20190301085042  6.5486  63.185  103.90  WC02  XX  854  -14.7131  -70.1546  267.00  0.299  0.0788  0.1158  0.9069  0.01048  0.8944  P
20190301085042  6.5346  63.385  103.53  WC03  XX  854  -14.7131  -70.1546  267.00  0.076  0.0788  0.1267  0.9479  0.01129  0.8944  P
20190301085042  6.6152  62.252  103.49  CC06  XX  854  -14.7131  -70.1546  267.00  -0.104  0.0788  0.1079  0.9391  0.01056  0.8944  P
20190310081226  7.5776  45.933  251.12  CC07  XX  37  -17.8915  -178.6034  578.19  0.604  0.0131  0.0571  0.8625  0.00473  0.4243  P
20190310081226  7.6949  44.197  251.87  WC05  XX  37  -17.8915  -178.6034  578.19  -0.419  0.0131  0.0338  0.9331  0.00296  0.4243  P
20190310081226  7.7056  44.039  250.52  WW03  XX  37  -17.8915  -178.6034  578.19  0.556  0.0131  0.0346  0.8620  0.00268  0.4243  P
20190310081226  7.5387  46.490  250.30  CC04  XX  37  -17.8915  -178.6034  578.19  -0.475  0.0131  0.0529  0.9344  0.00392  0.4243  P
20190310081226  7.6310  45.154  252.32  CC11  XX  37  -17.8915  -178.6034  578.19  -0.005  0.0131  0.0476  0.9275  0.00457  0.4243  P
20190310081226  7.5518  46.305  250.57  CC05  XX  37  -17.8915  -178.6034  578.19  -0.068  0.0131  0.0342  0.9941  0.00466  0.4243  P
20190310081226  7.5930  45.708  249.89  WC02  XX  37  -17.8915  -178.6034  578.19  -0.193  0.0131  0.0275  0.9852  0.00231  0.4243  P
20190320152358  6.7661  60.946  255.55  EE02  XX  577  -15.5965  167.6551  119.00  0.369  0.0743  0.5370  0.7573  0.07542  0.8944  P
20190320152358  7.1143  56.123  256.00  WW04  XX  577  -15.5965  167.6551  119.00  -0.044  0.0743  0.0858  0.8352  0.01746  0.8944  P
20190320152358  6.9319  58.670  255.75  CC08  XX  577  -15.5965  167.6551  119.00  0.033  0.0743  0.5318  0.7775  0.07876  0.8944  P
20190320152358  6.8317  60.064  256.76  EE04  XX  577  -15.5965  167.6551  119.00  0.050  0.0743  0.0546  0.8465  0.01260  0.8944  P
20190320152358  7.0421  57.137  256.19  WC05  XX  577  -15.5965  167.6551  119.00  -0.217  0.0743  0.1042  0.8893  0.01899  0.8944  P
20190320152358  7.0613  56.871  255.38  WW03  XX  577  -15.5965  167.6551  119.00  -0.034  0.0743  0.0810  0.8604  0.01678  0.8944  P
20190320152358  6.9079  58.994  255.39  CC06  XX  577  -15.5965  167.6551  119.00  -0.050  0.0743  0.0335  0.9456  0.00918  0.8944  P
20190320152358  6.9693  58.135  256.37  CC11  XX  577  -15.5965  167.6551  119.00  0.027  0.0743  0.0496  0.9347  0.01399  0.8944  P
20190320152358  7.0022  57.687  255.75  WC04  XX  577  -15.5965  167.6551  119.00  -0.133  0.0743  0.0280  0.9440  0.00776  0.8944  P
20190323192117  6.9885  57.852  80.52  CC08  XX  880  4.5595  -76.2230  122.00  -0.112  0.0319  0.2917  0.7343  0.03139  0.8944  P
20190323192117  7.1995  54.914  80.95  EE01  XX  880  4.5595  -76.2230  122.00  0.330  0.0319  0.0507  0.8457  0.00317  0.8944  P
20190323192117  6.9175  58.848  80.70  WC04  XX  880  4.5595  -76.2230  122.00  -0.193  0.0319  0.0377  0.8493  0.00206  0.8944  P
20190323192117  6.9982  57.725  80.70  CC07  XX  880  4.5595  -76.2230  122.00  0.126  0.0319  0.0336  0.8610  0.00319  0.8944  P
20190323192117  7.0277  57.322  81.25  CC04  XX  880  4.5595  -76.2230  122.00  0.040  0.0319  0.2797  0.8647  0.03289  0.8944  P
20190323192117  6.8807  59.348  80.35  WC05  XX  880  4.5595  -76.2230  122.00  -0.410  0.0319  0.0424  0.8796  0.00343  0.8944  P
20190323192117  7.0089  57.581  80.88  CC06  XX  880  4.5595  -76.2230  122.00  0.151  0.0319  0.0361  0.9206  0.00390  0.8944  P
20190323192117  7.1532  55.579  80.36  EE02  XX  880  4.5595  -76.2230  122.00  0.065  0.0319  0.0478  0.9432  0.00438  0.8944  P
20190323192117  6.9299  58.680  81.18  WC03  XX  880  4.5595  -76.2230  122.00  0.333  0.0319  0.0290  0.9294  0.00233  0.8944  P
20190323192117  6.9558  58.317  79.94  CC11  XX  880  4.5595  -76.2230  122.00  -0.309  0.0319  0.0440  0.8933  0.00463  0.8944  P
20190323192117  7.0974  56.333  78.97  EE04  XX  880  4.5595  -76.2230  122.00  0.074  0.0319  0.0302  0.9331  0.00344  0.8944  P
20190323192117  7.0183  57.453  81.06  CC05  XX  880  4.5595  -76.2230  122.00  -0.095  0.0319  0.0367  0.9446  0.00374  0.8944  P
20190328220649  5.4702  79.106  323.43  WC02  XX  324  50.4951  159.9430  9.00  0.504  0.0679  0.3986  0.8177  0.02792  0.5657  P
20190328220649  5.3837  80.244  323.34  CC06  XX  324  50.4951  159.9430  9.00  -0.412  0.0679  0.3351  0.4630  0.00779  0.5657  P
20190328220649  5.4298  79.633  324.15  WW04  XX  324  50.4951  159.9430  9.00  -0.296  0.0679  0.1303  0.9621  0.00701  0.5657  P
20190328220649  5.4152  79.827  323.24  CC04  XX  324  50.4951  159.9430  9.00  -0.761  0.0679  0.5838  0.7194  0.01832  0.5657  P
20190328220649  5.3664  80.466  323.88  WC05  XX  324  50.4951  159.9430  9.00  -0.091  0.0679  0.2556  0.6299  0.00895  0.5657  P
20190328220649  5.3945  80.104  323.71  WC04  XX  324  50.4951  159.9430  9.00  0.198  0.0679  0.0912  0.8865  0.00386  0.5657  P
20190328220649  5.1601  83.135  323.15  EE04  XX  324  50.4951  159.9430  9.00  0.024  0.0679  0.2021  0.7357  0.00569  0.5657  P
20190328220649  5.3203  81.077  322.68  EE01  XX  324  50.4951  159.9430  9.00  0.197  0.0679  0.1196  0.9486  0.00388  0.5657  P
20190328220649  5.3521  80.656  323.45  CC08  XX  324  50.4951  159.9430  9.00  0.466  0.0679  0.4081  0.9452  0.03204  0.5657  P
20190328220649  5.3011  81.326  323.62  CC11  XX  324  50.4951  159.9430  9.00  0.094  0.0679  0.1326  0.8801  0.00469  0.5657  P
20190328220649  5.2808  81.585  322.88  EE02  XX  324  50.4951  159.9430  9.00  -0.342  0.0679  0.2487  0.5742  0.00478  0.5657  P
20190328220649  5.4429  79.465  323.61  WC03  XX  324  50.4951  159.9430  9.00  0.164  0.0679  0.0617  0.9825  0.00402  0.5657  P
20190328220649  5.3681  80.444  323.40  CC07  XX  324  50.4951  159.9430  9.00  0.234  0.0679  0.2148  0.8966  0.00967  0.5657  P
20190328220649  5.4698  79.111  323.90  WW03  XX  324  50.4951  159.9430  9.00  0.019  0.0679  0.1165  0.9687  0.00577  0.5657  P
20190330112042  5.7502  75.279  265.81  CC08  XX  94  -5.7003  151.1053  41.00  -0.245  0.0488  0.2515  0.7662  0.01346  0.7746  P
20190330112042  5.7264  75.599  265.54  CC05  XX  94  -5.7003  151.1053  41.00  0.443  0.0488  0.1859  0.6915  0.01836  0.7746  P
20190330112042  5.7183  75.707  265.46  CC04  XX  94  -5.7003  151.1053  41.00  -0.264  0.0488  0.1342  0.8831  0.01512  0.7746  P
20190330112042  5.8573  73.843  266.17  WC05  XX  94  -5.7003  151.1053  41.00  0.158  0.0488  0.0507  0.8792  0.01171  0.7746  P
20190330112042  5.8249  74.277  265.92  WC04  XX  94  -5.7003  151.1053  41.00  -0.407  0.0488  0.1075  0.8657  0.01508  0.7746  P
20190330112042  5.9368  72.760  266.21  WW04  XX  94  -5.7003  151.1053  41.00  0.404  0.0488  0.2081  0.7531  0.02252  0.7746  P
20190330112042  5.5822  77.531  265.49  EE02  XX  94  -5.7003  151.1053  41.00  -0.088  0.0488  0.0577  0.9643  0.01035  0.7746  P
20190412122304  8.3132  39.795  251.92  WC02  XX  87  -15.4067  -172.8171  15.36  -0.464  0.0179  0.0605  0.8103  0.00642  0.5477  P
20190412122304  8.1001  42.958  252.75  EE01  XX  87  -15.4067  -172.8171  15.36  -0.019  0.0179  0.0741  0.9448  0.00358  0.5477  P
20190412122304  8.2614  40.596  252.42  CC04  XX  87  -15.4067  -172.8171  15.36  0.294  0.0179  0.0436  0.8715  0.00357  0.5477  P
20190412122304  8.3056  39.907  253.79  CC08  XX  87  -15.4067  -172.8171  15.36  -0.121  0.0179  0.0501  0.8828  0.00604  0.5477  P
20190412122304  8.4701  37.364  253.88  WW04  XX  87  -15.4067  -172.8171  15.36  -0.010  0.0179  0.0589  0.9513  0.00643  0.5477  P
20190412122304  8.2835  40.252  253.10  CC06  XX  87  -15.4067  -172.8171  15.36  0.170  0.0179  0.0754  0.9156  0.00351  0.5477  P
20190412122304  8.3439  39.344  254.95  CC11  XX  87  -15.4067  -172.8171  15.36  0.150  0.0179  0.0343  0.9392  0.00337  0.5477  P
20190422144905  4.5463  94.880  147.50  WC02  XX  63  -56.2633  -27.3509  79.00  -0.583  0.0259  0.1073  0.8372  0.00763  0.4899  P
20190422144905  4.6312  90.864  147.20  EE04  XX  63  -56.2633  -27.3509  79.00  0.529  0.0259  0.1155  0.8372  0.00730  0.4899  P
20190422144905  4.5707  93.978  147.39  CC05  XX  63  -56.2633  -27.3509  79.00  -0.575  0.0259  0.0888  0.9001  0.01312  0.4899  P
20190422144905  4.5853  93.386  147.72  WC05  XX  63  -56.2633  -27.3509  79.00  0.077  0.0259  0.0712  0.9102  0.01245  0.4899  P
20190422144905  4.5577  94.470  147.59  WC03  XX  63  -56.2633  -27.3509  79.00  0.180  0.0259  0.0536  0.9755  0.01083  0.4899  P
20190422144905  4.5752  93.797  147.63  WC04  XX  63  -56.2633  -27.3509  79.00  0.372  0.0259  0.0398  0.9657  0.00989  0.4899  P
20190423142017  7.6778  46.364  242.00  WC04  XX  1070  -24.7059  -178.7639  385.58  -0.001  0.0130  0.0729  0.7726  0.00201  0.6325  P
20190423142017  7.5999  47.491  242.04  CC07  XX  1070  -24.7059  -178.7639  385.58  0.114  0.0130  0.0421  0.7718  0.00138  0.6325  P
20190423142017  7.6486  46.788  241.33  WC03  XX  1070  -24.7059  -178.7639  385.58  -0.082  0.0130  0.0586  0.8547  0.00179  0.6325  P
20190423142017  7.5522  48.158  244.19  EE04  XX  1070  -24.7059  -178.7639  385.58  0.162  0.0130  0.0340  0.7389  0.00174  0.6325  P
20190423142017  7.5833  47.724  241.82  CC06  XX  1070  -24.7059  -178.7639  385.58  -0.066  0.0130  0.0605  0.8619  0.00237  0.6325  P
20190423142017  7.5676  47.944  241.59  CC05  XX  1070  -24.7059  -178.7639  385.58  0.090  0.0130  0.0488  0.8790  0.00162  0.6325  P
20190423142017  7.7211  45.751  241.22  WW03  XX  1070  -24.7059  -178.7639  385.58  0.346  0.0130  0.0382  0.8899  0.00135  0.6325  P
20190423142017  7.6155  47.273  242.28  CC08  XX  1070  -24.7059  -178.7639  385.58  -0.473  0.0130  0.0246  0.8076  0.00129  0.6325  P
20190423142017  7.6009  47.478  240.87  WC02  XX  1070  -24.7059  -178.7639  385.58  -0.209  0.0130  0.0253  0.9866  0.00145  0.6325  P
20190423142017  7.5513  48.170  241.36  CC04  XX  1070  -24.7059  -178.7639  385.58  0.120  0.0130  0.0360  0.9573  0.00163  0.6325  P
20190506211937  5.3455  80.236  263.84  CC04  XX  70  -6.9746  146.4494  146.00  -0.479  0.0587  0.2081  0.8709  0.01032  0.3873  P
20190506211937  5.4903  78.316  264.38  WC05  XX  70  -6.9746  146.4494  146.00  -0.441  0.0587  0.5184  0.3361  0.00788  0.3873  P
20190506211937  5.3625  80.008  263.96  CC06  XX  70  -6.9746  146.4494  146.00  0.363  0.0587  0.2646  0.5884  0.00972  0.3873  P
20190506211937  5.4107  79.376  264.31  CC11  XX  70  -6.9746  146.4494  146.00  0.360  0.0587  0.0856  0.8839  0.00572  0.3873  P
20190506211937  5.1603  82.648  263.63  EE01  XX  70  -6.9746  146.4494  146.00  0.292  0.0587  0.2706  0.6438  0.01082  0.3873  P
20190506211937  5.3807  79.772  264.09  CC08  XX  70  -6.9746  146.4494  146.00  0.209  0.0587  0.1962  0.7194  0.01050  0.3873  P
20190506211937  5.5252  77.852  264.17  WW03  XX  70  -6.9746  146.4494  146.00  -0.187  0.0587  0.2570  0.9503  0.01846  0.3873  P
20190506211937  5.3723  79.881  264.02  CC07  XX  70  -6.9746  146.4494  146.00  -0.016  0.0587  0.2003  0.7292  0.00526  0.3873  P
20190506211937  5.5717  77.242  264.44  WW04  XX  70  -6.9746  146.4494  146.00  0.038  0.0587  0.1783  0.9593  0.01356  0.3873  P
20190506211937  5.4564  78.771  264.19  WC04  XX  70  -6.9746  146.4494  146.00  -0.082  0.0587  0.1271  0.9811  0.00838  0.3873  P
20190506211937  5.3543  80.120  263.90  CC05  XX  70  -6.9746  146.4494  146.00  0.157  0.0587  0.1598  0.8771  0.00900  0.3873  P
20190506211937  5.4471  78.894  264.03  WC03  XX  70  -6.9746  146.4494  146.00  -0.169  0.0587  0.1065  0.9408  0.00429  0.3873  P
20190506211937  5.4124  79.353  263.86  WC02  XX  70  -6.9746  146.4494  146.00  -0.046  0.0587  0.0958  0.9905  0.00895  0.3873  P
