  7.1517   56.186     1.49     EE03       XX        0  49.3346 -129.2890    10.00    0.000   0.0000   1.0000   0.1000
  7.2104   55.360     2.99     CC07       XX        0  49.3346 -129.2890    10.00    0.000   0.0000   1.0000   0.3000
  7.2822   54.389     2.82     CC04       XX        0  49.3346 -129.2890    10.00    0.000   0.0000   1.0000   0.5000
  7.3546   53.396     3.56     WC01       XX        0  49.3346 -129.2890    10.00    0.000   0.0000   1.0000   1.0000
  7.2917   54.254     4.45     WW02       XX        0  49.3346 -129.2890    10.00    0.000   0.0000   1.0000   2.0000
  5.0306   84.786   293.98     WC01       XX        1  23.5443 143.8290     8.43    0.000   0.0000   1.0000   5.0000
  4.7536   88.225   293.84     EE03       XX        1  23.5443 143.8290     8.43    0.000   0.0000   1.0000   10.0000
  4.9333   86.007   293.96     CC04       XX        1  23.5443 143.8290     8.43    0.000   0.0000   1.0000   0.5000
  4.8577   86.946   293.87     EC02       XX        1  23.5443 143.8290     8.43    0.000   0.0000   1.0000   0.5000
  4.9209   86.164   294.05     CC07       XX        1  23.5443 143.8290     8.43    0.000   0.0000   1.0000   0.5000
  4.9028   86.388   294.19     CC11       XX        1  23.5443 143.8290     8.43    0.000   0.0000   1.0000   0.5000
  4.9290   86.062   293.99     CC05       XX        1  23.5443 143.8290     8.43    0.000   0.0000   1.0000   0.5000
  6.9590   58.838   246.85     CC02       XX        2 -22.1881 169.3260    10.00    0.000   0.0000   1.0000   1.0000
  6.8873   59.817   247.90     EE02       XX        2 -22.1881 169.3260    10.00    0.000   0.0000   1.0000   1.0000
  7.1713   55.918   247.36     WW03       XX        2 -22.1881 169.3260    10.00    0.000   0.0000   1.0000   1.0000
  6.9928   58.365   247.22     CC04       XX        2 -22.1881 169.3260    10.00    0.000   0.0000   1.0000   1.0000
  6.9368   59.148   248.46     EE03       XX        2 -22.1881 169.3260    10.00    0.000   0.0000   1.0000   1.0000
  6.9402   59.102   247.50     EC02       XX        2 -22.1881 169.3260    10.00    0.000   0.0000   1.0000   1.0000
  7.0512   57.570   247.92     CC08       XX        2 -22.1881 169.3260    10.00    0.000   0.0000   1.0000   1.0000
  5.7517   75.284   265.67     CC08       XX        3  -5.8349 151.0880    35.00    0.000   0.0000   1.0000  10.0000
  5.7782   74.917   265.98     CC11       XX        3  -5.8349 151.0880    35.00    0.000   0.0000   1.0000  10.0000
  5.6533   76.600   265.32     EC02       XX        3  -5.8349 151.0880    35.00    0.000   0.0000   1.0000  10.0000
  5.8674   73.727   265.38     WW02       XX        3  -5.8349 151.0880    35.00    0.000   0.0000   1.0000  10.0000
  5.6927   76.064   265.73     EC04       XX        3  -5.8349 151.0880    35.00    0.000   0.0000   1.0000  10.0000
  5.6106   77.166   265.62     EE03       XX        3  -5.8349 151.0880    35.00    0.000   0.0000   1.0000  10.0000
  5.8264   74.282   265.78     WC04       XX        3  -5.8349 151.0880    35.00    0.000   0.0000   1.0000  10.0000
  5.8187   74.383   265.55     WC03       XX        3  -5.8349 151.0880    35.00    0.000   0.0000   1.0000  10.0000
  5.7771   74.933   265.10     WC01       XX        3  -5.8349 151.0880    35.00    0.000   0.0000   1.0000  10.0000
  8.8234   30.666   142.89     CC05       XX        4 -29.3110 -112.2440    10.00    0.000   0.0000   1.0000   0.3000
  8.8623   29.126   142.03     EC04       XX        4 -29.3110 -112.2440    10.00    0.000   0.0000   1.0000   0.3000
  8.8344   30.343   139.06     WC05       XX        4 -29.3110 -112.2440    10.00    0.000   0.0000   1.0000   0.3000
  8.8616   29.136   145.00     EE02       XX        4 -29.3110 -112.2440    10.00    0.000   0.0000   1.0000   0.3000
  8.7829   31.673   139.73     WW03       XX        4 -29.3110 -112.2440    10.00    0.000   0.0000   1.0000   0.3000
  8.9654   27.570   142.07     EE04       XX        4 -29.3110 -112.2440    10.00    0.000   0.0000   1.0000   0.3000
  8.8428   30.061   141.58     CC08       XX        4 -29.3110 -112.2440    10.00    0.000   0.0000   1.0000   0.3000
  6.0390   71.408   265.23     CC07       XX        5  -6.4941 155.0480    32.20    0.000   0.0000   1.0000   0.3000
  5.9824   72.163   264.51     CC01       XX        5  -6.4941 155.0480    32.20    0.000   0.0000   1.0000   0.3000
  6.1520   69.864   265.75     WC05       XX        5  -6.4941 155.0480    32.20    0.000   0.0000   1.0000   0.3000
  6.0463   71.305   265.34     CC08       XX        5  -6.4941 155.0480    32.20    0.000   0.0000   1.0000   0.3000
  5.9785   72.285   205.24     CC05       XX        6 -62.6290 165.6350    10.00    0.000   0.0000   1.0000   0.3000
  6.1057   70.571   205.92     EE04       XX        6 -62.6290 165.6350    10.00    0.000   0.0000   1.0000   0.3000
  5.9554   72.611   205.21     CC04       XX        6 -62.6290 165.6350    10.00    0.000   0.0000   1.0000   0.3000
  6.1303   70.241   205.42     CC11       XX        6 -62.6290 165.6350    10.00    0.000   0.0000   1.0000   0.3000
  4.5816   93.585   147.14     EC02       XX        7 -56.1438 -27.2312    64.87    0.000   0.0000   1.0000   0.3000
  4.5738   93.897   147.54     WC04       XX        7 -56.1438 -27.2312    64.87    0.000   0.0000   1.0000   0.3000
  4.5563   94.569   147.50     WC03       XX        7 -56.1438 -27.2312    64.87    0.000   0.0000   1.0000   0.3000
  4.5499   94.799   147.21     CC02       XX        7 -56.1438 -27.2312    64.87    0.000   0.0000   1.0000   0.3000
  4.5859   93.403   147.37     CC08       XX        7 -56.1438 -27.2312    64.87    0.000   0.0000   1.0000   0.3000
  7.3827   50.497   236.55     CC01       XX        8 -28.1213 -179.2650   400.00    0.000   0.0000   1.0000   0.3000
  7.5115   48.646   238.04     CC08       XX        8 -28.1213 -179.2650   400.00    0.000   0.0000   1.0000   0.3000
  7.4432   49.611   237.23     CC04       XX        8 -28.1213 -179.2650   400.00    0.000   0.0000   1.0000   0.3000
  7.4607   49.368   237.43     CC05       XX        8 -28.1213 -179.2650   400.00    0.000   0.0000   1.0000   0.3000
  4.6391   90.061   306.53     CC07       XX        9  36.4802 141.3920    39.53    0.000   0.0000   1.0000   0.3000
  4.6290   91.175   306.44     EC04       XX        9  36.4802 141.3920    39.53    0.000   0.0000   1.0000   0.3000
  4.6218   91.680   306.32     EE02       XX        9  36.4802 141.3920    39.53    0.000   0.0000   1.0000   0.3000
  4.7344   88.374   306.57     WC01       XX        9  36.4802 141.3920    39.53    0.000   0.0000   1.0000   0.3000
  4.6396   89.948   306.52     CC06       XX        9  36.4802 141.3920    39.53    0.000   0.0000   1.0000   0.3000
  4.6868   88.960   306.64     WC03       XX        9  36.4802 141.3920    39.53    0.000   0.0000   1.0000   0.3000
  4.6481   89.431   306.48     CC02       XX        9  36.4802 141.3920    39.53    0.000   0.0000   1.0000   0.3000
  4.6033   92.698   306.29     EE04       XX        9  36.4802 141.3920    39.53    0.000   0.0000   1.0000   0.3000
  4.6614   89.271   306.47     CC01       XX        9  36.4802 141.3920    39.53    0.000   0.0000   1.0000   0.3000
  4.6150   92.088   306.32     EE03       XX        9  36.4802 141.3920    39.53    0.000   0.0000   1.0000   0.3000
  4.7721   87.920   306.70     WW02       XX        9  36.4802 141.3920    39.53    0.000   0.0000   1.0000   0.3000
  4.6354   90.586   306.42     EC02       XX        9  36.4802 141.3920    39.53    0.000   0.0000   1.0000   0.3000
  7.8533   46.482     3.73     EE02       XX       10  40.6203 -127.3340    10.00    0.000   0.0000   1.0000   0.3000
  7.8192   46.954     8.10     WW03       XX       10  40.6203 -127.3340    10.00    0.000   0.0000   1.0000   0.3000
  7.8507   46.518     5.89     CC06       XX       10  40.6203 -127.3340    10.00    0.000   0.0000   1.0000   0.3000
  7.7734   47.580     3.96     EE03       XX       10  40.6203 -127.3340    10.00    0.000   0.0000   1.0000   0.3000
  7.8843   46.046     4.80     EC02       XX       10  40.6203 -127.3340    10.00    0.000   0.0000   1.0000   0.3000
  7.8962   45.864     5.79     CC04       XX       10  40.6203 -127.3340    10.00    0.000   0.0000   1.0000   0.3000
  7.8507   46.517     7.09     WC03       XX       10  40.6203 -127.3340    10.00    0.000   0.0000   1.0000   0.3000
  7.9497   45.123     5.64     CC02       XX       10  40.6203 -127.3340    10.00    0.000   0.0000   1.0000   0.3000
  7.8272   46.844     5.96     CC07       XX       10  40.6203 -127.3340    10.00    0.000   0.0000   1.0000   0.3000
  4.6902   88.994   148.90     EE04       XX       11 -58.3842 -29.8688    10.00    0.000   0.0000   1.0000   0.3000
  4.6117   92.343   149.08     CC04       XX       11 -58.3842 -29.8688    10.00    0.000   0.0000   1.0000   0.3000
  4.6198   91.882   149.28     WC04       XX       11 -58.3842 -29.8688    10.00    0.000   0.0000   1.0000   0.3000
  4.6074   92.569   149.26     WC03       XX       11 -58.3842 -29.8688    10.00    0.000   0.0000   1.0000   0.3000
  4.5829   93.686   149.16     WC01       XX       11 -58.3842 -29.8688    10.00    0.000   0.0000   1.0000   0.3000
  4.5849   93.601   149.34     WW02       XX       11 -58.3842 -29.8688    10.00    0.000   0.0000   1.0000   0.3000
  4.6160   92.110   149.10     CC05       XX       11 -58.3842 -29.8688    10.00    0.000   0.0000   1.0000   0.3000
  4.6016   92.858   149.04     CC02       XX       11 -58.3842 -29.8688    10.00    0.000   0.0000   1.0000   0.3000
  4.6235   91.647   148.97     EC02       XX       11 -58.3842 -29.8688    10.00    0.000   0.0000   1.0000   0.3000
  4.6366   90.527   149.04     EC04       XX       11 -58.3842 -29.8688    10.00    0.000   0.0000   1.0000   0.3000
  4.6023   92.823   149.41     WW03       XX       11 -58.3842 -29.8688    10.00    0.000   0.0000   1.0000   0.3000
  4.5951   93.159   149.01     CC01       XX       11 -58.3842 -29.8688    10.00    0.000   0.0000   1.0000   0.3000
  4.6342   90.741   266.13     EC02       XX       12  -3.8074 137.0170    32.93    0.000   0.0000   1.0000   0.3000
  4.7311   88.435   266.37     WC04       XX       12  -3.8074 137.0170    32.93    0.000   0.0000   1.0000   0.3000
  4.6383   90.223   266.16     EC04       XX       12  -3.8074 137.0170    32.93    0.000   0.0000   1.0000   0.3000
  4.6273   91.325   266.02     EE03       XX       12  -3.8074 137.0170    32.93    0.000   0.0000   1.0000   0.3000
  4.6382   90.241   266.19     CC01       XX       12  -3.8074 137.0170    32.93    0.000   0.0000   1.0000   0.3000
  4.6293   91.171   266.01     EE04       XX       12  -3.8074 137.0170    32.93    0.000   0.0000   1.0000   0.3000
  4.6403   89.748   266.22     CC05       XX       12  -3.8074 137.0170    32.93    0.000   0.0000   1.0000   0.3000
  4.6412   89.534   266.25     CC07       XX       12  -3.8074 137.0170    32.93    0.000   0.0000   1.0000   0.3000
  4.7235   88.526   266.34     WC03       XX       12  -3.8074 137.0170    32.93    0.000   0.0000   1.0000   0.3000
  4.6788   89.079   266.31     CC11       XX       12  -3.8074 137.0170    32.93    0.000   0.0000   1.0000   0.3000
  4.8087   87.493   266.46     WW03       XX       12  -3.8074 137.0170    32.93    0.000   0.0000   1.0000   0.3000
  4.7667   88.006   266.44     WC05       XX       12  -3.8074 137.0170    32.93    0.000   0.0000   1.0000   0.3000
  4.5050   96.138   263.51     CC01       XX       13  -6.0407 130.9130   112.65    0.000   0.0000   1.0000   0.3000
  4.5099   95.983   263.48     CC02       XX       13  -6.0407 130.9130   112.65    0.000   0.0000   1.0000   0.3000
  4.5189   95.695   263.43     CC04       XX       13  -6.0407 130.9130   112.65    0.000   0.0000   1.0000   0.3000
  4.5736   93.753   263.46     WC05       XX       13  -6.0407 130.9130   112.65    0.000   0.0000   1.0000   0.3000
  4.5261   95.462   263.38     CC06       XX       13  -6.0407 130.9130   112.65    0.000   0.0000   1.0000   0.3000
  4.5300   95.332   263.36     CC07       XX       13  -6.0407 130.9130   112.65    0.000   0.0000   1.0000   0.3000
  4.4815   96.854   262.90     EE04       XX       13  -6.0407 130.9130   112.65    0.000   0.0000   1.0000   0.3000
  4.5580   94.350   263.52     WC03       XX       13  -6.0407 130.9130   112.65    0.000   0.0000   1.0000   0.3000
  4.5845   93.307   263.61     WW03       XX       13  -6.0407 130.9130   112.65    0.000   0.0000   1.0000   0.3000
  4.4911   96.568   263.30     EC02       XX       13  -6.0407 130.9130   112.65    0.000   0.0000   1.0000   0.3000
  6.0299   71.605   265.08     CC08       XX       14  -6.7185 154.7270    10.00    0.000   0.0000   1.0000   0.3000
  5.8635   73.861   264.75     EE02       XX       14  -6.7185 154.7270    10.00    0.000   0.0000   1.0000   0.3000
  6.0564   71.228   265.46     CC11       XX       14  -6.7185 154.7270    10.00    0.000   0.0000   1.0000   0.3000
  6.1032   70.603   265.18     WC04       XX       14  -6.7185 154.7270    10.00    0.000   0.0000   1.0000   0.3000
  5.8910   73.479   265.09     EE03       XX       14  -6.7185 154.7270    10.00    0.000   0.0000   1.0000   0.3000
  6.0949   70.713   264.89     WC03       XX       14  -6.7185 154.7270    10.00    0.000   0.0000   1.0000   0.3000
  6.0526   71.282   264.34     WC01       XX       14  -6.7185 154.7270    10.00    0.000   0.0000   1.0000   0.3000
  5.9320   72.930   264.67     EC02       XX       14  -6.7185 154.7270    10.00    0.000   0.0000   1.0000   0.3000
  5.0164   83.141   324.50     WW02       XX       15  52.8549 153.2430   461.00    0.000   0.0000   1.0000   0.3000
  4.8432   85.375   324.29     CC08       XX       15  52.8549 153.2430   461.00    0.000   0.0000   1.0000   0.3000
  4.9614   83.849   324.63     WW03       XX       15  52.8549 153.2430   461.00    0.000   0.0000   1.0000   0.3000
  4.8928   84.743   324.19     CC05       XX       15  52.8549 153.2430   461.00    0.000   0.0000   1.0000   0.3000
  4.9449   84.065   324.09     CC02       XX       15  52.8549 153.2430   461.00    0.000   0.0000   1.0000   0.3000
  4.7711   86.297   324.16     EC04       XX       15  52.8549 153.2430   461.00    0.000   0.0000   1.0000   0.3000
  5.0138   83.175   324.24     WC01       XX       15  52.8549 153.2430   461.00    0.000   0.0000   1.0000   0.3000
  4.7901   86.057   324.38     CC11       XX       15  52.8549 153.2430   461.00    0.000   0.0000   1.0000   0.3000
  4.6479   87.848   324.02     EE04       XX       15  52.8549 153.2430   461.00    0.000   0.0000   1.0000   0.3000
  4.8603   85.160   324.26     CC07       XX       15  52.8549 153.2430   461.00    0.000   0.0000   1.0000   0.3000
  7.7762   47.523   176.59     CC11       XX       16 -55.0614 -129.0400    10.00    0.000   0.0000   1.0000   0.3000
  7.5611   50.527   177.36     CC02       XX       16 -55.0614 -129.0400    10.00    0.000   0.0000   1.0000   0.3000
  7.6601   49.149   175.39     WW03       XX       16 -55.0614 -129.0400    10.00    0.000   0.0000   1.0000   0.3000
  7.6740   48.966   178.59     EE02       XX       16 -55.0614 -129.0400    10.00    0.000   0.0000   1.0000   0.3000
  7.6370   49.496   177.10     CC05       XX       16 -55.0614 -129.0400    10.00    0.000   0.0000   1.0000   0.3000
  7.7049   48.553   176.87     CC08       XX       16 -55.0614 -129.0400    10.00    0.000   0.0000   1.0000   0.3000
  7.8330   46.764   178.25     EE04       XX       16 -55.0614 -129.0400    10.00    0.000   0.0000   1.0000   0.3000
  7.7525   47.894   178.34     EE03       XX       16 -55.0614 -129.0400    10.00    0.000   0.0000   1.0000   0.3000
  7.7470   47.971   177.48     EC04       XX       16 -55.0614 -129.0400    10.00    0.000   0.0000   1.0000   0.3000
  7.5336   50.903   176.57     WC01       XX       16 -55.0614 -129.0400    10.00    0.000   0.0000   1.0000   0.3000
  7.7548   47.861   175.75     WC05       XX       16 -55.0614 -129.0400    10.00    0.000   0.0000   1.0000   0.3000
  7.5851   50.202   175.68     WW02       XX       16 -55.0614 -129.0400    10.00    0.000   0.0000   1.0000   0.3000
  5.5980   77.290   264.27     WC01       XX       17  -6.5267 148.6820    45.32    0.000   0.0000   1.0000   0.3000
  5.7191   75.678   264.81     WW03       XX       17  -6.5267 148.6820    45.32    0.000   0.0000   1.0000   0.3000
  5.4333   79.474   264.67     EE03       XX       17  -6.5267 148.6820    45.32    0.000   0.0000   1.0000   0.3000
  5.6033   77.221   265.01     CC11       XX       17  -6.5267 148.6820    45.32    0.000   0.0000   1.0000   0.3000
  5.5582   77.834   264.59     CC06       XX       17  -6.5267 148.6820    45.32    0.000   0.0000   1.0000   0.3000
  5.5080   78.481   264.19     CC01       XX       17  -6.5267 148.6820    45.32    0.000   0.0000   1.0000   0.3000
  5.4041   79.863   264.45     EE02       XX       17  -6.5267 148.6820    45.32    0.000   0.0000   1.0000   0.3000
  5.5197   78.332   264.28     CC02       XX       17  -6.5267 148.6820    45.32    0.000   0.0000   1.0000   0.3000
  5.1233   83.186   266.74     CC11       XX       18  -4.1275 142.9310   129.58    0.000   0.0000   1.0000   0.3000
  5.0445   84.198   266.32     CC02       XX       18  -4.1275 142.9310   129.58    0.000   0.0000   1.0000   0.3000
  5.2186   81.951   266.54     WW02       XX       18  -4.1275 142.9310   129.58    0.000   0.0000   1.0000   0.3000
  5.0719   83.844   266.45     CC05       XX       18  -4.1275 142.9310   129.58    0.000   0.0000   1.0000   0.3000
  7.0307   57.853   248.36     EE03       XX       19 -22.1537 170.7260    10.00    0.000   0.0000   1.0000   0.3000
  7.0527   57.550   246.65     CC02       XX       19 -22.1537 170.7260    10.00    0.000   0.0000   1.0000   0.3000
  7.1874   55.684   247.14     WC03       XX       19 -22.1537 170.7260    10.00    0.000   0.0000   1.0000   0.3000
  7.1143   56.688   246.26     WC01       XX       19 -22.1537 170.7260    10.00    0.000   0.0000   1.0000   0.3000
  7.2124   55.332   247.66     WC04       XX       19 -22.1537 170.7260    10.00    0.000   0.0000   1.0000   0.3000
  7.0335   57.810   247.34     EC02       XX       19 -22.1537 170.7260    10.00    0.000   0.0000   1.0000   0.3000
  7.0332   57.815   246.43     CC01       XX       19 -22.1537 170.7260    10.00    0.000   0.0000   1.0000   0.3000
  7.0850   57.076   247.04     CC04       XX       19 -22.1537 170.7260    10.00    0.000   0.0000   1.0000   0.3000
  7.1150   56.679   247.40     CC06       XX       19 -22.1537 170.7260    10.00    0.000   0.0000   1.0000   0.3000
  7.1910   55.616   248.39     CC11       XX       19 -22.1537 170.7260    10.00    0.000   0.0000   1.0000   0.3000
  7.2127   55.327   246.53     WW02       XX       19 -22.1537 170.7260    10.00    0.000   0.0000   1.0000   0.3000
  7.1303   56.470   247.58     CC07       XX       19 -22.1537 170.7260    10.00    0.000   0.0000   1.0000   0.3000
  7.9948   44.492   237.94     WC05       XX       20 -27.4594 -176.4620    10.00    0.000   0.0000   1.0000   0.3000
  7.8653   46.316   237.62     CC07       XX       20 -27.4594 -176.4620    10.00    0.000   0.0000   1.0000   0.3000
  7.8231   46.901   235.77     WC01       XX       20 -27.4594 -176.4620    10.00    0.000   0.0000   1.0000   0.3000
  7.9079   45.685   236.82     WC03       XX       20 -27.4594 -176.4620    10.00    0.000   0.0000   1.0000   0.3000
  7.8316   46.783   239.92     EE04       XX       20 -27.4594 -176.4620    10.00    0.000   0.0000   1.0000   0.3000
  7.8819   46.081   237.85     CC08       XX       20 -27.4594 -176.4620    10.00    0.000   0.0000   1.0000   0.3000
  7.8471   46.567   237.40     CC06       XX       20 -27.4594 -176.4620    10.00    0.000   0.0000   1.0000   0.3000
  7.8121   47.049   236.96     CC04       XX       20 -27.4594 -176.4620    10.00    0.000   0.0000   1.0000   0.3000
  7.7493   47.940   236.22     CC01       XX       20 -27.4594 -176.4620    10.00    0.000   0.0000   1.0000   0.3000
  6.9647   58.755   247.72     EC02       XX       21 -21.9577 169.6720    10.00    0.000   0.0000   1.0000   0.3000
  7.0753   57.225   248.14     CC08       XX       21 -21.9577 169.6720    10.00    0.000   0.0000   1.0000   0.3000
  7.1449   56.277   248.04     WC04       XX       21 -21.9577 169.6720    10.00    0.000   0.0000   1.0000   0.3000
  7.0474   57.623   247.79     CC06       XX       21 -21.9577 169.6720    10.00    0.000   0.0000   1.0000   0.3000
  6.9651   58.749   246.84     CC01       XX       21 -21.9577 169.6720    10.00    0.000   0.0000   1.0000   0.3000
  6.9127   59.473   248.12     EE02       XX       21 -21.9577 169.6720    10.00    0.000   0.0000   1.0000   0.3000
  7.1895   55.650   248.45     WC05       XX       21 -21.9577 169.6720    10.00    0.000   0.0000   1.0000   0.3000
  7.2085   55.386   251.35     WC05       XX       22 -19.5400 169.7080    10.00    0.000   0.0000   1.0000   0.3000
  6.9860   58.454   250.51     EC02       XX       22 -19.5400 169.7080    10.00    0.000   0.0000   1.0000   0.3000
  7.1738   55.882   249.82     WW02       XX       22 -19.5400 169.7080    10.00    0.000   0.0000   1.0000   0.3000
  7.0812   57.126   250.80     CC07       XX       22 -19.5400 169.7080    10.00    0.000   0.0000   1.0000   0.3000
  7.0078   58.167   252.16     EE04       XX       22 -19.5400 169.7080    10.00    0.000   0.0000   1.0000   0.3000
  7.5621   50.413   229.46     WW02       XX       23 -33.7810 -179.4970    34.00    0.000   0.0000   1.0000   0.3000
  7.5583   50.463   230.27     WC03       XX       23 -33.7810 -179.4970    34.00    0.000   0.0000   1.0000   0.3000
  7.5024   51.256   230.82     CC06       XX       23 -33.7810 -179.4970    34.00    0.000   0.0000   1.0000   0.3000
  7.6303   49.488   230.02     WW03       XX       23 -33.7810 -179.4970    34.00    0.000   0.0000   1.0000   0.3000
  7.3939   52.758   229.95     CC01       XX       23 -33.7810 -179.4970    34.00    0.000   0.0000   1.0000   0.3000
  7.5992   49.911   230.78     WC04       XX       23 -33.7810 -179.4970    34.00    0.000   0.0000   1.0000   0.3000
  4.8266   87.318   293.63     EC02       XX       24  23.3524 143.3950    11.24    0.000   0.0000   1.0000   0.3000
  4.9999   85.160   293.75     WC01       XX       24  23.3524 143.3950    11.24    0.000   0.0000   1.0000   0.3000
  4.7366   88.423   293.53     EE02       XX       24  23.3524 143.3950    11.24    0.000   0.0000   1.0000   0.3000
  4.7226   88.591   293.59     EE03       XX       24  23.3524 143.3950    11.24    0.000   0.0000   1.0000   0.3000
  4.9031   86.378   293.72     CC04       XX       24  23.3524 143.3950    11.24    0.000   0.0000   1.0000   0.3000
  5.0452   84.596   294.08     WW03       XX       24  23.3524 143.3950    11.24    0.000   0.0000   1.0000   0.3000
  4.6914   88.976   293.63     EE04       XX       24  23.3524 143.3950    11.24    0.000   0.0000   1.0000   0.3000
  4.9612   85.643   294.09     WC05       XX       24  23.3524 143.3950    11.24    0.000   0.0000   1.0000   0.3000
  4.8075   87.563   293.74     EC04       XX       24  23.3524 143.3950    11.24    0.000   0.0000   1.0000   0.3000
  4.8909   86.531   293.81     CC07       XX       24  23.3524 143.3950    11.24    0.000   0.0000   1.0000   0.3000
  4.9168   86.208   293.62     CC01       XX       24  23.3524 143.3950    11.24    0.000   0.0000   1.0000   0.3000
  4.9804   85.399   293.91     WC03       XX       24  23.3524 143.3950    11.24    0.000   0.0000   1.0000   0.3000
  5.3687   80.434   267.79     CC06       XX       25  -3.1497 146.3560    10.00    0.000   0.0000   1.0000   0.3000
  5.4088   79.913   268.14     CC11       XX       25  -3.1497 146.3560    10.00    0.000   0.0000   1.0000   0.3000
  5.2859   81.518   267.63     EC02       XX       25  -3.1497 146.3560    10.00    0.000   0.0000   1.0000   0.3000
  5.2452   82.030   267.96     EE04       XX       25  -3.1497 146.3560    10.00    0.000   0.0000   1.0000   0.3000
  5.2364   82.148   267.79     EE03       XX       25  -3.1497 146.3560    10.00    0.000   0.0000   1.0000   0.3000
  4.7332   88.466   306.80     CC01       XX       26  36.7315 142.4290    10.00    0.000   0.0000   1.0000   0.3000
  4.6877   89.025   306.87     CC05       XX       26  36.7315 142.4290    10.00    0.000   0.0000   1.0000   0.3000
  4.6403   89.786   306.76     EC02       XX       26  36.7315 142.4290    10.00    0.000   0.0000   1.0000   0.3000
  4.8094   87.543   307.14     WW03       XX       26  36.7315 142.4290    10.00    0.000   0.0000   1.0000   0.3000
  4.6403   89.798   306.95     CC11       XX       26  36.7315 142.4290    10.00    0.000   0.0000   1.0000   0.3000
  6.3054   67.234   349.04     CC05       XX       27  59.9550 -153.2660   143.30    0.000   0.0000   1.0000   0.3000
  6.1904   68.817   348.86     EC04       XX       27  59.9550 -153.2660   143.30    0.000   0.0000   1.0000   0.3000
  6.2408   68.128   349.24     CC08       XX       27  59.9550 -153.2660   143.30    0.000   0.0000   1.0000   0.3000
  6.2950   67.373   348.53     EC02       XX       27  59.9550 -153.2660   143.30    0.000   0.0000   1.0000   0.3000
  6.2027   68.648   350.00     WC05       XX       27  59.9550 -153.2660   143.30    0.000   0.0000   1.0000   0.3000
  6.3274   66.934   348.97     CC04       XX       27  59.9550 -153.2660   143.30    0.000   0.0000   1.0000   0.3000
  6.2500   67.998   349.75     WC04       XX       27  59.9550 -153.2660   143.30    0.000   0.0000   1.0000   0.3000
  6.1717   69.072   348.31     EE03       XX       27  59.9550 -153.2660   143.30    0.000   0.0000   1.0000   0.3000
  6.2448   68.072   348.08     EE02       XX       27  59.9550 -153.2660   143.30    0.000   0.0000   1.0000   0.3000
  6.2832   67.532   349.10     CC06       XX       27  59.9550 -153.2660   143.30    0.000   0.0000   1.0000   0.3000
  6.9658   58.740   247.88     CC04       XX       28 -21.6791 168.8470    10.00    0.000   0.0000   1.0000   0.3000
  6.9070   59.549   249.09     EE03       XX       28 -21.6791 168.8470    10.00    0.000   0.0000   1.0000   0.3000
  6.9133   59.465   247.29     CC01       XX       28 -21.6791 168.8470    10.00    0.000   0.0000   1.0000   0.3000
  6.9803   58.528   248.97     EC04       XX       28 -21.6791 168.8470    10.00    0.000   0.0000   1.0000   0.3000
  6.6606   62.510   122.08     EE03       XX       29 -31.7756 -69.2343    99.39    0.000   0.0000   1.0000   0.3000
  6.5004   64.754   122.47     CC05       XX       29 -31.7756 -69.2343    99.39    0.000   0.0000   1.0000   0.3000
  6.7001   61.977   121.57     EE04       XX       29 -31.7756 -69.2343    99.39    0.000   0.0000   1.0000   0.3000
  6.4614   65.275   121.89     WC04       XX       29 -31.7756 -69.2343    99.39    0.000   0.0000   1.0000   0.3000
  5.7043   75.857   152.04     EE03       XX       30 -61.7941 -58.0488    49.00    0.000   0.0000   1.0000   0.3000
  5.5980   77.275   151.92     CC08       XX       30 -61.7941 -58.0488    49.00    0.000   0.0000   1.0000   0.3000
  5.4357   79.428   151.93     WW02       XX       30 -61.7941 -58.0488    49.00    0.000   0.0000   1.0000   0.3000
  5.5127   78.406   151.92     WC03       XX       30 -61.7941 -58.0488    49.00    0.000   0.0000   1.0000   0.3000
  5.5628   77.759   152.01     CC06       XX       30 -61.7941 -58.0488    49.00    0.000   0.0000   1.0000   0.3000
  5.6634   76.409   151.94     EC04       XX       30 -61.7941 -58.0488    49.00    0.000   0.0000   1.0000   0.3000
  5.6068   77.291   265.15     EE02       XX       31  -6.0547 151.3180    10.00    0.000   0.0000   1.0000   0.3000
  5.7516   75.363   265.20     CC05       XX       31  -6.0547 151.3180    10.00    0.000   0.0000   1.0000   0.3000
  5.7177   75.815   265.53     EC04       XX       31  -6.0547 151.3180    10.00    0.000   0.0000   1.0000   0.3000
  5.8008   74.695   264.88     WC01       XX       31  -6.0547 151.3180    10.00    0.000   0.0000   1.0000   0.3000
  7.6486   49.217    67.86     WW03       XX       32  12.5442 -89.1985    35.00    0.000   0.0000   1.0000   0.3000
  7.8365   46.601    64.18     EE04       XX       32  12.5442 -89.1985    35.00    0.000   0.0000   1.0000   0.3000
  7.8046   47.040    65.73     EC04       XX       32  12.5442 -89.1985    35.00    0.000   0.0000   1.0000   0.3000
  7.8099   46.969    67.28     CC05       XX       32  12.5442 -89.1985    35.00    0.000   0.0000   1.0000   0.3000
  7.7669   47.574    66.59     CC08       XX       32  12.5442 -89.1985    35.00    0.000   0.0000   1.0000   0.3000
  7.6998   48.514    67.01     WC04       XX       32  12.5442 -89.1985    35.00    0.000   0.0000   1.0000   0.3000
  7.6780   48.856   234.24     CC02       XX       33 -29.4836 -177.0770    24.17    0.000   0.0000   1.0000   0.3000
  7.8542   46.410   235.10     WC04       XX       33 -29.4836 -177.0770    24.17    0.000   0.0000   1.0000   0.3000
  7.7659   47.640   236.22     EC04       XX       33 -29.4836 -177.0770    24.17    0.000   0.0000   1.0000   0.3000
  7.7572   47.767   235.07     CC06       XX       33 -29.4836 -177.0770    24.17    0.000   0.0000   1.0000   0.3000
  7.8893   45.912   234.26     WW03       XX       33 -29.4836 -177.0770    24.17    0.000   0.0000   1.0000   0.3000
  7.7014   48.542   236.66     EE03       XX       33 -29.4836 -177.0770    24.17    0.000   0.0000   1.0000   0.3000
  6.1370   70.077   331.96     CC11       XX       34  51.2972 -178.1540    31.75    0.000   0.0000   1.0000   0.3000
  6.0885   70.726   330.91     EE03       XX       34  51.2972 -178.1540    31.75    0.000   0.0000   1.0000   0.3000
  6.3033   67.790   331.03     CC02       XX       34  51.2972 -178.1540    31.75    0.000   0.0000   1.0000   0.3000
  6.1936   69.291   331.65     CC08       XX       34  51.2972 -178.1540    31.75    0.000   0.0000   1.0000   0.3000
  6.2290   68.810   331.46     CC06       XX       34  51.2972 -178.1540    31.75    0.000   0.0000   1.0000   0.3000
  6.3504   67.137   332.12     WW02       XX       34  51.2972 -178.1540    31.75    0.000   0.0000   1.0000   0.3000
  8.7638   32.138   322.28     WW03       XX       35  19.4107 -155.2820     0.36    0.000   0.0000   1.0000   0.3000
  8.7422   32.585   317.44     CC02       XX       35  19.4107 -155.2820     0.36    0.000   0.0000   1.0000   0.3000
  8.7448   32.532   320.62     WC03       XX       35  19.4107 -155.2820     0.36    0.000   0.0000   1.0000   0.3000
  8.5896   35.438   318.33     EE03       XX       35  19.4107 -155.2820     0.36    0.000   0.0000   1.0000   0.3000
  8.7039   33.361   319.30     CC06       XX       35  19.4107 -155.2820     0.36    0.000   0.0000   1.0000   0.3000
  8.7123   33.171   318.88     CC05       XX       35  19.4107 -155.2820     0.36    0.000   0.0000   1.0000   0.3000
  8.5442   36.241   319.45     EE04       XX       35  19.4107 -155.2820     0.36    0.000   0.0000   1.0000   0.3000
  7.5889   49.275    69.60     WC01       XX       36  12.5956 -86.9794   159.77    0.000   0.0000   1.0000   0.3000
  7.6038   49.074    66.73     EC04       XX       36  12.5956 -86.9794   159.77    0.000   0.0000   1.0000   0.3000
  7.4971   50.568    67.92     WC04       XX       36  12.5956 -86.9794   159.77    0.000   0.0000   1.0000   0.3000
  7.5636   49.622    67.53     CC08       XX       36  12.5956 -86.9794   159.77    0.000   0.0000   1.0000   0.3000
  7.6374   48.608    65.29     EE04       XX       36  12.5956 -86.9794   159.77    0.000   0.0000   1.0000   0.3000
  7.4511   51.201    67.53     WC05       XX       36  12.5956 -86.9794   159.77    0.000   0.0000   1.0000   0.3000
  7.4848   47.689   250.87     EE02       XX       37 -18.2161 -178.1990   543.06    0.000   0.0000   1.0000   0.3000
  7.5344   46.933   250.22     EC02       XX       37 -18.2161 -178.1990   543.06    0.000   0.0000   1.0000   0.3000
  7.5385   46.867   248.84     CC01       XX       37 -18.2161 -178.1990   543.06    0.000   0.0000   1.0000   0.3000
  7.6005   45.981   250.04     CC05       XX       37 -18.2161 -178.1990   543.06    0.000   0.0000   1.0000   0.3000
  7.5563   46.616   249.18     CC02       XX       37 -18.2161 -178.1990   543.06    0.000   0.0000   1.0000   0.3000
  7.7539   43.718   249.97     WW03       XX       37 -18.2161 -178.1990   543.06    0.000   0.0000   1.0000   0.3000
  7.6266   45.604   250.59     CC07       XX       37 -18.2161 -178.1990   543.06    0.000   0.0000   1.0000   0.3000
  7.5537   46.653   252.76     EE04       XX       37 -18.2161 -178.1990   543.06    0.000   0.0000   1.0000   0.3000
  7.6183   45.725   248.60     WC01       XX       37 -18.2161 -178.1990   543.06    0.000   0.0000   1.0000   0.3000
  7.6132   45.799   250.31     CC06       XX       37 -18.2161 -178.1990   543.06    0.000   0.0000   1.0000   0.3000
  7.6790   44.815   251.80     CC11       XX       37 -18.2161 -178.1990   543.06    0.000   0.0000   1.0000   0.3000
  7.0236   57.952   247.87     CC07       XX       38 -22.0996 169.1080    10.00    0.000   0.0000   1.0000   0.3000
  7.0829   57.104   248.64     CC11       XX       38 -22.0996 169.1080    10.00    0.000   0.0000   1.0000   0.3000
  7.0371   57.761   248.05     CC08       XX       38 -22.0996 169.1080    10.00    0.000   0.0000   1.0000   0.3000
  7.0792   57.161   247.46     WC03       XX       38 -22.0996 169.1080    10.00    0.000   0.0000   1.0000   0.3000
  6.9936   58.354   247.53     CC05       XX       38 -22.0996 169.1080    10.00    0.000   0.0000   1.0000   0.3000
  7.1518   56.185   248.35     WC05       XX       38 -22.0996 169.1080    10.00    0.000   0.0000   1.0000   0.3000
  6.9266   59.288   246.77     CC01       XX       38 -22.0996 169.1080    10.00    0.000   0.0000   1.0000   0.3000
  6.9784   58.554   247.36     CC04       XX       38 -22.0996 169.1080    10.00    0.000   0.0000   1.0000   0.3000
  4.8485   86.898   266.33     CC02       XX       39  -3.9226 140.2320    61.97    0.000   0.0000   1.0000   0.3000
  4.8375   87.033   266.30     CC01       XX       39  -3.9226 140.2320    61.97    0.000   0.0000   1.0000   0.3000
  4.9020   86.236   266.50     CC08       XX       39  -3.9226 140.2320    61.97    0.000   0.0000   1.0000   0.3000
  4.7973   87.537   266.32     EC02       XX       39  -3.9226 140.2320    61.97    0.000   0.0000   1.0000   0.3000
  4.9810   85.234   266.61     WC04       XX       39  -3.9226 140.2320    61.97    0.000   0.0000   1.0000   0.3000
  4.8774   86.544   266.41     CC05       XX       39  -3.9226 140.2320    61.97    0.000   0.0000   1.0000   0.3000
  4.9335   85.842   266.38     WC01       XX       39  -3.9226 140.2320    61.97    0.000   0.0000   1.0000   0.3000
  4.8382   87.025   266.43     EC04       XX       39  -3.9226 140.2320    61.97    0.000   0.0000   1.0000   0.3000
  5.0566   84.290   266.66     WW03       XX       39  -3.9226 140.2320    61.97    0.000   0.0000   1.0000   0.3000
  7.1552   56.138   246.97     WW02       XX       40 -21.9199 169.7980    10.00    0.000   0.0000   1.0000   0.3000
  6.9928   58.365   247.08     CC02       XX       40 -21.9199 169.7980    10.00    0.000   0.0000   1.0000   0.3000
  7.0565   57.498   246.71     WC01       XX       40 -21.9199 169.7980    10.00    0.000   0.0000   1.0000   0.3000
  6.9218   59.353   248.15     EE02       XX       40 -21.9199 169.7980    10.00    0.000   0.0000   1.0000   0.3000
  7.1977   55.529   248.48     WC05       XX       40 -21.9199 169.7980    10.00    0.000   0.0000   1.0000   0.3000
  7.0043   58.213   249.37     EE04       XX       40 -21.9199 169.7980    10.00    0.000   0.0000   1.0000   0.3000
  7.1539   56.156   248.07     WC04       XX       40 -21.9199 169.7980    10.00    0.000   0.0000   1.0000   0.3000
  7.1319   56.449   248.78     CC11       XX       40 -21.9199 169.7980    10.00    0.000   0.0000   1.0000   0.3000
  7.0828   57.105   248.17     CC08       XX       40 -21.9199 169.7980    10.00    0.000   0.0000   1.0000   0.3000
  7.2039   55.447   247.60     WW03       XX       40 -21.9199 169.7980    10.00    0.000   0.0000   1.0000   0.3000
  7.0439   57.671   248.59     EC04       XX       40 -21.9199 169.7980    10.00    0.000   0.0000   1.0000   0.3000
  6.9722   58.634   247.74     EC02       XX       40 -21.9199 169.7980    10.00    0.000   0.0000   1.0000   0.3000
  7.8949   45.886   235.23     CC11       XX       41 -29.9470 -176.2190    10.00    0.000   0.0000   1.0000   0.3000
  7.8176   46.976   234.32     CC07       XX       41 -29.9470 -176.2190    10.00    0.000   0.0000   1.0000   0.3000
  7.8593   46.400   233.51     WC03       XX       41 -29.9470 -176.2190    10.00    0.000   0.0000   1.0000   0.3000
  7.8951   45.883   234.13     WC04       XX       41 -29.9470 -176.2190    10.00    0.000   0.0000   1.0000   0.3000
  4.5712   94.159   263.56     EE04       XX       42  -5.8078 133.6900    10.00    0.000   0.0000   1.0000   0.3000
  4.6142   92.211   264.05     WC01       XX       42  -5.8078 133.6900    10.00    0.000   0.0000   1.0000   0.3000
  4.6040   92.741   263.91     CC06       XX       42  -5.8078 133.6900    10.00    0.000   0.0000   1.0000   0.3000
  4.5992   92.969   263.93     CC04       XX       42  -5.8078 133.6900    10.00    0.000   0.0000   1.0000   0.3000
  4.6238   91.627   264.04     WC03       XX       42  -5.8078 133.6900    10.00    0.000   0.0000   1.0000   0.3000
  4.6361   90.586   264.14     WW03       XX       42  -5.8078 133.6900    10.00    0.000   0.0000   1.0000   0.3000
  4.5896   93.402   263.97     CC01       XX       42  -5.8078 133.6900    10.00    0.000   0.0000   1.0000   0.3000
  4.6087   92.504   263.90     CC08       XX       42  -5.8078 133.6900    10.00    0.000   0.0000   1.0000   0.3000
  4.6161   92.103   263.90     CC11       XX       42  -5.8078 133.6900    10.00    0.000   0.0000   1.0000   0.3000
  4.6065   92.614   263.91     CC07       XX       42  -5.8078 133.6900    10.00    0.000   0.0000   1.0000   0.3000
  4.5927   93.264   263.78     EC04       XX       42  -5.8078 133.6900    10.00    0.000   0.0000   1.0000   0.3000
  7.6279   49.624    78.82     EE03       XX       43   3.8969 -82.6705    10.00    0.000   0.0000   1.0000   0.3000
  7.5988   50.018    80.32     EC02       XX       43   3.8969 -82.6705    10.00    0.000   0.0000   1.0000   0.3000
  7.4867   51.575    81.75     WC01       XX       43   3.8969 -82.6705    10.00    0.000   0.0000   1.0000   0.3000
  7.4245   52.409    80.02     WC04       XX       43   3.8969 -82.6705    10.00    0.000   0.0000   1.0000   0.3000
  7.5077   51.283    80.04     CC07       XX       43   3.8969 -82.6705    10.00    0.000   0.0000   1.0000   0.3000
  7.5478   50.704    79.16     EC04       XX       43   3.8969 -82.6705    10.00    0.000   0.0000   1.0000   0.3000
  7.3963   52.822    81.37     WW02       XX       43   3.8969 -82.6705    10.00    0.000   0.0000   1.0000   0.3000
  7.4981   51.414    79.81     CC08       XX       43   3.8969 -82.6705    10.00    0.000   0.0000   1.0000   0.3000
  7.5182   51.136    80.27     CC06       XX       43   3.8969 -82.6705    10.00    0.000   0.0000   1.0000   0.3000
  7.5716   50.386    81.60     CC01       XX       43   3.8969 -82.6705    10.00    0.000   0.0000   1.0000   0.3000
  7.4378   52.232    80.63     WC03       XX       43   3.8969 -82.6705    10.00    0.000   0.0000   1.0000   0.3000
  7.6608   49.140    79.65     EE02       XX       43   3.8969 -82.6705    10.00    0.000   0.0000   1.0000   0.3000
  7.1153   56.679   255.65     WC05       XX       44 -16.0315 168.1430     9.00    0.000   0.0000   1.0000   0.3000
  6.9569   58.871   254.49     CC04       XX       44 -16.0315 168.1430     9.00    0.000   0.0000   1.0000   0.3000
  7.0910   57.001   254.17     WW02       XX       44 -16.0315 168.1430     9.00    0.000   0.0000   1.0000   0.3000
  6.8980   59.676   254.70     EC02       XX       44 -16.0315 168.1430     9.00    0.000   0.0000   1.0000   0.3000
  6.9925   58.372   255.04     CC07       XX       44 -16.0315 168.1430     9.00    0.000   0.0000   1.0000   0.3000
  7.4750   47.693   245.30     CC01       XX       45 -20.9510 -178.4320   556.49    0.000   0.0000   1.0000   0.3000
  7.4932   47.422   245.61     CC02       XX       45 -20.9510 -178.4320   556.49    0.000   0.0000   1.0000   0.3000
  7.6912   44.494   246.21     WW03       XX       45 -20.9510 -178.4320   556.49    0.000   0.0000   1.0000   0.3000
  7.5078   47.210   249.10     EE04       XX       45 -20.9510 -178.4320   556.49    0.000   0.0000   1.0000   0.3000
  7.4276   48.369   247.31     EE02       XX       45 -20.9510 -178.4320   556.49    0.000   0.0000   1.0000   0.3000
  7.6875   44.547   247.54     WC05       XX       45 -20.9510 -178.4320   556.49    0.000   0.0000   1.0000   0.3000
  6.9671   58.724   249.37     EE04       XX       46 -21.9552 169.2490     9.00    0.000   0.0000   1.0000   0.3000
  7.0482   57.615   248.20     CC08       XX       46 -21.9552 169.2490     9.00    0.000   0.0000   1.0000   0.3000
  7.1627   56.040   248.51     WC05       XX       46 -21.9552 169.2490     9.00    0.000   0.0000   1.0000   0.3000
  6.9566   58.875   247.13     CC02       XX       46 -21.9552 169.2490     9.00    0.000   0.0000   1.0000   0.3000
  7.0069   58.181   248.61     EC04       XX       46 -21.9552 169.2490     9.00    0.000   0.0000   1.0000   0.3000
  6.9379   59.137   246.91     CC01       XX       46 -21.9552 169.2490     9.00    0.000   0.0000   1.0000   0.3000
  7.5836   49.982   233.44     CC02       XX       47 -30.4665 -178.0220    57.39    0.000   0.0000   1.0000   0.3000
  7.6329   49.311   232.76     WC01       XX       47 -30.4665 -178.0220    57.39    0.000   0.0000   1.0000   0.3000
  7.7606   47.530   235.28     CC11       XX       47 -30.4665 -178.0220    57.39    0.000   0.0000   1.0000   0.3000
  7.6619   48.880   234.23     CC06       XX       47 -30.4665 -178.0220    57.39    0.000   0.0000   1.0000   0.3000
  7.8129   46.788   234.64     WC05       XX       47 -30.4665 -178.0220    57.39    0.000   0.0000   1.0000   0.3000
  7.7003   48.370   234.62     CC08       XX       47 -30.4665 -178.0220    57.39    0.000   0.0000   1.0000   0.3000
  7.6732   48.733   235.34     EC04       XX       47 -30.4665 -178.0220    57.39    0.000   0.0000   1.0000   0.3000
  7.6818   48.618   234.42     CC07       XX       47 -30.4665 -178.0220    57.39    0.000   0.0000   1.0000   0.3000
  4.5243   95.779   149.72     WC01       XX       48 -58.3596 -25.7565    31.00    0.000   0.0000   1.0000   0.3000
  4.5397   95.262   149.54     CC01       XX       48 -58.3596 -25.7565    31.00    0.000   0.0000   1.0000   0.3000
  4.5748   93.966   149.68     CC06       XX       48 -58.3596 -25.7565    31.00    0.000   0.0000   1.0000   0.3000
  4.5273   95.680   149.95     WW02       XX       48 -58.3596 -25.7565    31.00    0.000   0.0000   1.0000   0.3000
  4.5804   93.739   149.71     CC07       XX       48 -58.3596 -25.7565    31.00    0.000   0.0000   1.0000   0.3000
  4.5802   93.748   149.50     EC02       XX       48 -58.3596 -25.7565    31.00    0.000   0.0000   1.0000   0.3000
  4.5857   93.519   149.99     WC05       XX       48 -58.3596 -25.7565    31.00    0.000   0.0000   1.0000   0.3000
  5.2740   81.569   321.22     CC02       XX       49  49.4351 155.7930    43.01    0.000   0.0000   1.0000   0.3000
  4.9817   85.292   321.23     EE04       XX       49  49.4351 155.7930    43.01    0.000   0.0000   1.0000   0.3000
  5.2244   82.205   321.37     CC05       XX       49  49.4351 155.7930    43.01    0.000   0.0000   1.0000   0.3000
  5.1049   83.736   321.37     EC04       XX       49  49.4351 155.7930    43.01    0.000   0.0000   1.0000   0.3000
  5.2717   81.598   321.64     WC03       XX       49  49.4351 155.7930    43.01    0.000   0.0000   1.0000   0.3000
  5.2395   82.005   321.33     CC04       XX       49  49.4351 155.7930    43.01    0.000   0.0000   1.0000   0.3000
  5.2233   82.219   321.72     WC04       XX       49  49.4351 155.7930    43.01    0.000   0.0000   1.0000   0.3000
  5.8682   73.795   266.41     CC08       XX       50  -5.2579 152.6420    10.00    0.000   0.0000   1.0000   0.3000
  5.9422   72.793   266.52     WC04       XX       50  -5.2579 152.6420    10.00    0.000   0.0000   1.0000   0.3000
  5.9837   72.218   266.07     WW02       XX       50  -5.2579 152.6420    10.00    0.000   0.0000   1.0000   0.3000
  5.8182   74.468   265.80     CC02       XX       50  -5.2579 152.6420    10.00    0.000   0.0000   1.0000   0.3000
  5.7001   76.044   266.07     EE02       XX       50  -5.2579 152.6420    10.00    0.000   0.0000   1.0000   0.3000
  5.8076   74.607   265.68     CC01       XX       50  -5.2579 152.6420    10.00    0.000   0.0000   1.0000   0.3000
  5.8094   74.583   266.48     EC04       XX       50  -5.2579 152.6420    10.00    0.000   0.0000   1.0000   0.3000
  5.9355   72.884   266.26     WC03       XX       50  -5.2579 152.6420    10.00    0.000   0.0000   1.0000   0.3000
  5.8938   73.442   266.75     CC11       XX       50  -5.2579 152.6420    10.00    0.000   0.0000   1.0000   0.3000
  5.7384   75.542   266.67     EE04       XX       50  -5.2579 152.6420    10.00    0.000   0.0000   1.0000   0.3000
  5.8624   73.876   264.93     CC06       XX       51  -6.5071 152.6780    10.00    0.000   0.0000   1.0000   0.3000
  5.7795   74.975   264.74     EC02       XX       51  -6.5071 152.6780    10.00    0.000   0.0000   1.0000   0.3000
  5.9023   73.324   264.48     WC01       XX       51  -6.5071 152.6780    10.00    0.000   0.0000   1.0000   0.3000
  5.9845   72.207   265.50     WC05       XX       51  -6.5071 152.6780    10.00    0.000   0.0000   1.0000   0.3000
  5.8710   73.755   265.03     CC07       XX       51  -6.5071 152.6780    10.00    0.000   0.0000   1.0000   0.3000
  5.9448   72.758   264.97     WC03       XX       51  -6.5071 152.6780    10.00    0.000   0.0000   1.0000   0.3000
  6.7234   61.991   119.20     CC07       XX       52 -28.7391 -71.6956    35.00    0.000   0.0000   1.0000   0.3000
  6.6128   63.515   120.00     WC01       XX       52 -28.7391 -71.6956    35.00    0.000   0.0000   1.0000   0.3000
  6.9071   59.453   118.46     EE04       XX       52 -28.7391 -71.6956    35.00    0.000   0.0000   1.0000   0.3000
  6.7298   61.901   119.04     CC08       XX       52 -28.7391 -71.6956    35.00    0.000   0.0000   1.0000   0.3000
  6.7181   62.064   119.36     CC06       XX       52 -28.7391 -71.6956    35.00    0.000   0.0000   1.0000   0.3000
  6.8525   59.420   256.65     CC05       XX       53 -14.3605 167.3220   182.41    0.000   0.0000   1.0000   0.3000
  6.9220   58.450   257.82     CC11       XX       53 -14.3605 167.3220   182.41    0.000   0.0000   1.0000   0.3000
  6.8845   58.961   257.20     CC08       XX       53 -14.3605 167.3220   182.41    0.000   0.0000   1.0000   0.3000
  6.8418   59.575   256.47     CC04       XX       53 -14.3605 167.3220   182.41    0.000   0.0000   1.0000   0.3000
  6.8368   59.646   257.52     EC04       XX       53 -14.3605 167.3220   182.41    0.000   0.0000   1.0000   0.3000
  6.9403   58.197   256.71     WC03       XX       53 -14.3605 167.3220   182.41    0.000   0.0000   1.0000   0.3000
  6.9758   57.679   256.20     WW02       XX       53 -14.3605 167.3220   182.41    0.000   0.0000   1.0000   0.3000
  4.5209   95.939   147.88     CC01       XX       54 -56.5906 -25.4184    10.00    0.000   0.0000   1.0000   0.3000
  4.5879   93.475   147.71     EE02       XX       54 -56.5906 -25.4184    10.00    0.000   0.0000   1.0000   0.3000
  4.5694   94.230   148.10     CC08       XX       54 -56.5906 -25.4184    10.00    0.000   0.0000   1.0000   0.3000
  4.5511   94.911   148.02     CC05       XX       54 -56.5906 -25.4184    10.00    0.000   0.0000   1.0000   0.3000
  4.5036   96.487   148.08     WC01       XX       54 -56.5906 -25.4184    10.00    0.000   0.0000   1.0000   0.3000
  4.5374   95.391   148.24     WC03       XX       54 -56.5906 -25.4184    10.00    0.000   0.0000   1.0000   0.3000
  4.5446   95.140   147.99     CC04       XX       54 -56.5906 -25.4184    10.00    0.000   0.0000   1.0000   0.3000
  4.5055   96.427   148.32     WW02       XX       54 -56.5906 -25.4184    10.00    0.000   0.0000   1.0000   0.3000
  4.5299   95.644   147.92     CC02       XX       54 -56.5906 -25.4184    10.00    0.000   0.0000   1.0000   0.3000
  4.5875   93.493   148.19     CC11       XX       54 -56.5906 -25.4184    10.00    0.000   0.0000   1.0000   0.3000
  4.5633   94.462   148.07     CC07       XX       54 -56.5906 -25.4184    10.00    0.000   0.0000   1.0000   0.3000
  6.8930   59.386   249.53     EE02       XX       55 -20.7385 169.6350    84.32    0.000   0.0000   1.0000   0.3000
  7.0143   57.715   249.99     EC04       XX       55 -20.7385 169.6350    84.32    0.000   0.0000   1.0000   0.3000
  7.1007   56.501   248.99     WC03       XX       55 -20.7385 169.6350    84.32    0.000   0.0000   1.0000   0.3000
  7.0323   57.465   248.12     WC01       XX       55 -20.7385 169.6350    84.32    0.000   0.0000   1.0000   0.3000
  7.1246   56.173   249.50     WC04       XX       55 -20.7385 169.6350    84.32    0.000   0.0000   1.0000   0.3000
  7.1783   55.443   249.04     WW03       XX       55 -20.7385 169.6350    84.32    0.000   0.0000   1.0000   0.3000
  7.0432   57.313   249.40     CC07       XX       55 -20.7385 169.6350    84.32    0.000   0.0000   1.0000   0.3000
  6.9712   58.292   250.76     EE04       XX       55 -20.7385 169.6350    84.32    0.000   0.0000   1.0000   0.3000
  7.0406   57.714   246.84     CC05       XX       56 -22.5901 169.8760    10.00    0.000   0.0000   1.0000   0.3000
  6.9707   58.662   246.08     CC01       XX       56 -22.5901 169.8760    10.00    0.000   0.0000   1.0000   0.3000
  7.2021   55.472   246.79     WW03       XX       56 -22.5901 169.8760    10.00    0.000   0.0000   1.0000   0.3000
  7.0551   57.517   247.02     CC06       XX       56 -22.5901 169.8760    10.00    0.000   0.0000   1.0000   0.3000
  7.1530   56.168   247.26     WC04       XX       56 -22.5901 169.8760    10.00    0.000   0.0000   1.0000   0.3000
  7.1261   56.525   246.77     WC03       XX       56 -22.5901 169.8760    10.00    0.000   0.0000   1.0000   0.3000
  7.0536   57.538   245.92     WC01       XX       56 -22.5901 169.8760    10.00    0.000   0.0000   1.0000   0.3000
  7.0261   57.917   246.67     CC04       XX       56 -22.5901 169.8760    10.00    0.000   0.0000   1.0000   0.3000
  7.1973   55.534   247.67     WC05       XX       56 -22.5901 169.8760    10.00    0.000   0.0000   1.0000   0.3000
  7.0699   57.307   247.19     CC07       XX       56 -22.5901 169.8760    10.00    0.000   0.0000   1.0000   0.3000
  6.9697   58.678   247.94     EE03       XX       56 -22.5901 169.8760    10.00    0.000   0.0000   1.0000   0.3000
  7.1525   56.175   246.17     WW02       XX       56 -22.5901 169.8760    10.00    0.000   0.0000   1.0000   0.3000
  5.1306   83.511   267.33     EE03       XX       57  -3.4453 144.9470    10.00    0.000   0.0000   1.0000   0.3000
  5.2630   81.807   267.36     CC06       XX       57  -3.4453 144.9470    10.00    0.000   0.0000   1.0000   0.3000
  5.2294   82.239   267.14     CC02       XX       57  -3.4453 144.9470    10.00    0.000   0.0000   1.0000   0.3000
  5.2478   81.998   267.26     CC04       XX       57  -3.4453 144.9470    10.00    0.000   0.0000   1.0000   0.3000
  5.3875   80.192   267.76     WC05       XX       57  -3.4453 144.9470    10.00    0.000   0.0000   1.0000   0.3000
  5.4281   79.653   267.60     WW03       XX       57  -3.4453 144.9470    10.00    0.000   0.0000   1.0000   0.3000
  5.1035   83.850   267.18     EE02       XX       57  -3.4453 144.9470    10.00    0.000   0.0000   1.0000   0.3000
  5.3051   81.272   267.67     CC11       XX       57  -3.4453 144.9470    10.00    0.000   0.0000   1.0000   0.3000
  5.1406   83.384   267.47     EE04       XX       57  -3.4453 144.9470    10.00    0.000   0.0000   1.0000   0.3000
  5.4025   79.997   267.38     WW02       XX       57  -3.4453 144.9470    10.00    0.000   0.0000   1.0000   0.3000
  5.2163   82.406   267.46     EC04       XX       57  -3.4453 144.9470    10.00    0.000   0.0000   1.0000   0.3000
  5.1790   82.893   267.22     EC02       XX       57  -3.4453 144.9470    10.00    0.000   0.0000   1.0000   0.3000
  7.7279   48.158    68.84     CC07       XX       58  11.3927 -87.9289    27.81    0.000   0.0000   1.0000   0.3000
  7.6396   49.384    70.55     WW02       XX       58  11.3927 -87.9289    27.81    0.000   0.0000   1.0000   0.3000
  7.6006   49.921    68.58     WC05       XX       58  11.3927 -87.9289    27.81    0.000   0.0000   1.0000   0.3000
  7.5923   50.030    69.80     WW03       XX       58  11.3927 -87.9289    27.81    0.000   0.0000   1.0000   0.3000
  7.7362   48.045    70.78     WC01       XX       58  11.3927 -87.9289    27.81    0.000   0.0000   1.0000   0.3000
  7.7687   47.579    69.55     CC04       XX       58  11.3927 -87.9289    27.81    0.000   0.0000   1.0000   0.3000
  7.8267   46.774    67.23     EE03       XX       58  11.3927 -87.9289    27.81    0.000   0.0000   1.0000   0.3000
  7.7142   48.346    68.61     CC08       XX       58  11.3927 -87.9289    27.81    0.000   0.0000   1.0000   0.3000
  7.7559   47.770    69.31     CC05       XX       58  11.3927 -87.9289    27.81    0.000   0.0000   1.0000   0.3000
  7.7426   47.956    69.07     CC06       XX       58  11.3927 -87.9289    27.81    0.000   0.0000   1.0000   0.3000
  5.8608   73.845    73.09     CC01       XX       59  15.1157 -60.3912    27.44    0.000   0.0000   1.0000   0.3000
  5.7097   75.868    72.93     WC03       XX       59  15.1157 -60.3912    27.44    0.000   0.0000   1.0000   0.3000
  5.8443   74.070    73.00     CC02       XX       59  15.1157 -60.3912    27.44    0.000   0.0000   1.0000   0.3000
  5.8540   73.938    71.72     EE04       XX       59  15.1157 -60.3912    27.44    0.000   0.0000   1.0000   0.3000
  5.7867   74.824    72.70     CC06       XX       59  15.1157 -60.3912    27.44    0.000   0.0000   1.0000   0.3000
  5.6299   76.929    73.03     WW03       XX       59  15.1157 -60.3912    27.44    0.000   0.0000   1.0000   0.3000
  5.7735   75.008    72.63     CC07       XX       59  15.1157 -60.3912    27.44    0.000   0.0000   1.0000   0.3000
  5.6753   76.331    73.23     WW02       XX       59  15.1157 -60.3912    27.44    0.000   0.0000   1.0000   0.3000
  5.8132   74.480    72.84     CC04       XX       59  15.1157 -60.3912    27.44    0.000   0.0000   1.0000   0.3000
  5.8074   74.556    72.26     EC04       XX       59  15.1157 -60.3912    27.44    0.000   0.0000   1.0000   0.3000
  5.7998   74.654    72.77     CC05       XX       59  15.1157 -60.3912    27.44    0.000   0.0000   1.0000   0.3000
  5.7172   75.771    72.36     CC11       XX       59  15.1157 -60.3912    27.44    0.000   0.0000   1.0000   0.3000
  7.7264   47.636   241.80     EE03       XX       60 -25.5469 -177.3020   116.49    0.000   0.0000   1.0000   0.3000
  7.7613   47.145   239.76     CC04       XX       60 -25.5469 -177.3020   116.49    0.000   0.0000   1.0000   0.3000
  7.6702   48.406   241.03     EE02       XX       60 -25.5469 -177.3020   116.49    0.000   0.0000   1.0000   0.3000
  7.7682   47.042   242.70     EE04       XX       60 -25.5469 -177.3020   116.49    0.000   0.0000   1.0000   0.3000
  7.7925   46.685   240.22     CC06       XX       60 -25.5469 -177.3020   116.49    0.000   0.0000   1.0000   0.3000
  7.7748   46.931   238.58     WC01       XX       60 -25.5469 -177.3020   116.49    0.000   0.0000   1.0000   0.3000
  7.8809   45.460   241.47     CC11       XX       60 -25.5469 -177.3020   116.49    0.000   0.0000   1.0000   0.3000
  7.9308   44.738   239.53     WW03       XX       60 -25.5469 -177.3020   116.49    0.000   0.0000   1.0000   0.3000
  7.8900   45.324   240.36     WC04       XX       60 -25.5469 -177.3020   116.49    0.000   0.0000   1.0000   0.3000
  6.9315   59.220   249.01     EE03       XX       61 -21.7205 169.2050    10.00    0.000   0.0000   1.0000   0.3000
  7.0183   58.025   248.13     CC06       XX       61 -21.7205 169.2050    10.00    0.000   0.0000   1.0000   0.3000
  7.1150   56.680   248.39     WC04       XX       61 -21.7205 169.2050    10.00    0.000   0.0000   1.0000   0.3000
  6.9890   58.415   247.78     CC04       XX       61 -21.7205 169.2050    10.00    0.000   0.0000   1.0000   0.3000
  7.0329   57.820   248.30     CC07       XX       61 -21.7205 169.2050    10.00    0.000   0.0000   1.0000   0.3000
  6.8825   59.880   248.45     EE02       XX       61 -21.7205 169.2050    10.00    0.000   0.0000   1.0000   0.3000
  7.0468   57.630   248.48     CC08       XX       61 -21.7205 169.2050    10.00    0.000   0.0000   1.0000   0.3000
  6.9373   59.142   247.19     CC01       XX       61 -21.7205 169.2050    10.00    0.000   0.0000   1.0000   0.3000
  7.1613   56.056   248.79     WC05       XX       61 -21.7205 169.2050    10.00    0.000   0.0000   1.0000   0.3000
  7.0040   58.217   247.95     CC05       XX       61 -21.7205 169.2050    10.00    0.000   0.0000   1.0000   0.3000
  6.9558   58.882   247.40     CC02       XX       61 -21.7205 169.2050    10.00    0.000   0.0000   1.0000   0.3000
  5.6622   76.507   265.53     EE02       XX       62  -5.7533 152.1340    27.37    0.000   0.0000   1.0000   0.3000
  5.7676   75.089   265.15     CC01       XX       62  -5.7533 152.1340    27.37    0.000   0.0000   1.0000   0.3000
  5.8965   73.351   265.71     WC03       XX       62  -5.7533 152.1340    27.37    0.000   0.0000   1.0000   0.3000
  5.7008   75.983   266.10     EE04       XX       62  -5.7533 152.1340    27.37    0.000   0.0000   1.0000   0.3000
  5.8304   74.255   265.85     CC08       XX       62  -5.7533 152.1340    27.37    0.000   0.0000   1.0000   0.3000
  5.9719   72.316   265.89     WW03       XX       62  -5.7533 152.1340    27.37    0.000   0.0000   1.0000   0.3000
  5.7714   75.037   265.92     EC04       XX       62  -5.7533 152.1340    27.37    0.000   0.0000   1.0000   0.3000
  5.7977   74.682   265.47     CC04       XX       62  -5.7533 152.1340    27.37    0.000   0.0000   1.0000   0.3000
  5.8060   74.575   265.57     CC05       XX       62  -5.7533 152.1340    27.37    0.000   0.0000   1.0000   0.3000
  5.8228   74.354   265.76     CC07       XX       62  -5.7533 152.1340    27.37    0.000   0.0000   1.0000   0.3000
  5.7779   74.946   265.26     CC02       XX       62  -5.7533 152.1340    27.37    0.000   0.0000   1.0000   0.3000
  5.9455   72.693   265.53     WW02       XX       62  -5.7533 152.1340    27.37    0.000   0.0000   1.0000   0.3000
